1	1	index	七星位置	0	1	2	3	4	5	6
2	2	minLevel	最小角色等级	30	30	30	30	30	30	30
3	3	maxLevel	最大角色等级	60	60	60	60	60	60	60
4	4	eventId1	任务1ID	732	712	712	712	712	712	712
5	24	odds1	任务1概率	15	15	15	15	15	10	5
6	5	eventId2	任务2ID	733	715	715	715	715	715	715
7	25	odds2	任务2概率	15	15	15	15	15	10	5
8	6	eventId3	任务3ID	734	718	718	718	718	718	718
9	26	odds3	任务3概率	15	15	15	15	15	10	5
10	7	eventId4	任务4ID	735	721	721	721	721	721	721
11	27	odds4	任务4概率	5	10	10	15	15	15	10
12	8	eventId5	任务5ID	736	724	724	724	724	724	724
13	28	odds5	任务5概率	5	10	10	15	15	15	10
14	9	eventId6	任务6ID	737	727	727	727	727	727	727
15	29	odds6	任务6概率	5	10	10	15	15	15	10
16	10	eventId7	任务7ID	738	729	729	729	729	729	729
17	30	odds7	任务7概率	0	0	5	5	10	15	15
18	11	eventId8	任务8ID	739	713	713	713	713	713	713
19	31	odds8	任务8概率	0	0	5	5	10	15	15
20	12	eventId9	任务9ID							
21	32	odds9	任务9概率							
22	13	eventId10	任务10ID							
23	33	odds10	任务10概率							
24	14	eventId11	任务11ID							
25	34	odds11	任务11概率							
26	15	eventId12	任务12ID							
27	35	odds12	任务12概率							
28	16	eventId13	任务13ID							
29	36	odds13	任务13概率							
30	17	eventId14	任务14ID							
31	37	odds14	任务14概率							
32	18	eventId15	任务15ID							
33	38	odds15	任务15概率							
34	19	eventId16	任务16ID							
35	39	odds16	任务16概率							
36	20	eventId17	任务17ID							
37	40	odds17	任务17概率							
38	21	eventId18	任务18ID							
39	41	odds18	任务18概率							
40	22	eventId19	任务19ID							
41	42	odds19	任务19概率							
42	23	eventId20	任务20ID							
43	43	odds20	任务20概率							