eventId	questId	silverMoney	bindingGoldMoney	exp	rollTimes
事件ID	任务ID	游戏币	绑金	经验	投掷次数
10001	3529				
10002	3530				
10003	3531				
10004	3532				
10005	3533				
10006	3533				
10007	3535				
10008	3535				
10009	3529				
10010	3530				
10011	3539				
10012	3540				
10013	3541				
10014	3542				
10015	3543				
10016	3544				
10017	3545				
10018	3546				
10019	3547				
10020	3548				
10021	3549				
10022	3550				
10023	3551				
10024	3552				
10025	3553				
10026	3554				
10027	3555				
10028	3556				
10029	3557				
10030	3558				
10031	3559				
10032	3560				
10033	3561				
10034	3562				
10035	3563				
10036	3564				
10037	3565				
10038	3566				
10039	3567				
10040	3568				
10041	3569				
10042	3570				
10043	3571				
10044	3572				
10045	3573				
10046	3574				
10047	3575				
10048	3576				
10049	3577				
10050	3578				
10051	3579				
10052	3580				
10053	3581				
10054	3582				
10055	3583				
10056	3584				
10057	3585				
10058	3586				
10059	3587				
10060	3588				
10061	3589				
10062	3590				
10063	3591				
10064	3592				
10065	3593				
10066	3594				
10067	3595				
10068	3596				
10069	3597				
10070	3598				
10071	3599				
10072	3600				
10073	3601				
10074	3602				
10075	3603				
10076	3604				
10077	3605				
10078	3606				
10079	3607				
10080	3608				
10081	3609				
10082	3610				
10083	3611				
10084	3612				
10085	3613				
10086	3614				
10087	3615				
10088	3616				
10089	3617				
10090	3618				
10091	3619				
10092	3620				
10093	3621				
10094	3622				
10095	3623				
10096	3624				
10097	3625				
10098	3626				
10099	3627				
10100	3628				
10101	3629				
10102	3630				
10103	3631				
10104	3632				
10105	3633				
10106	3634				
10107	3635				
10108	3636				
10109	3637				
10110	3638				
10111	3639				
10112	3640				
10113	3641				
10114	3642				
10115	3643				
10116	3644				
10117	3645				
10118	3646				
10119	3647				
10120	3648				
10121	3649				
10122	3650				
10123	3651				
10124	3652				
10125	3653				
10126	3654				
10127	3655				
10128	3656				
10129	3657				
10130	3658				
10131	3659				
10132	3660				
10133	8001				
10134	8002				
10135	8003				
10136	8004				
10137	8005				
10138	8006				
10139	8007				
10140	8008				
10141	8009				
10142	8010				
10143	8011				
10144	8012				
10145	8013				
10146	8014				
10147	8015				
10148	8016				
10149	8017				
10150	8018				
10151	8019				
10152	8020				
10153	8021				
10154	8022				
10155	8023				
10156	8024				
10157	8025				
10158	8026				
10159	8027				
10160	8028				
10161	8029				
10162	8030				
10163	8031				
10164	8032				
10165	8033				
10166	8034				
10167	8035				
10168	8036				
10169	8037				
10170	8038				
10171	8039				
10172	8040				
10173	8041				
10174	8042				
10175	8043				
10176	8044				
10177					1
10178					2
10179			5		
10180		10000			
10181	8064				
10182	8065				
10183	8066				
10184	8067				
10185	5153				
10186	5155				
10187	5149				
10188	5163				
10189	5164				
10190	5165				
10191	5166				
10192	5167				
10193	5168				
10194	5169				
10195	5170				
10196	5171				
10197	5172				
10198	5173				
10199	5174				
10200	5175				
10201	5176				
10202	5177				
10203	5178				
10204	5179				
10205	5180				
10206	5181				
10207	5182				
10208	5183				
10209	5184				
10210	5185				
10211	5186				
10212	5187				
10213	5188				
10214	5189				
10215	5190				
10216	5191				
10217	5192				
10218	5193				
10219	5194				
10220	5195				
10221	5196				
10222	5197				
10223	5198				
10224	5199				
10225	5200				
10226	5201				
10227	5202				
10228	5203				
10229	5204				
10230	5205				
10231	5206				
10232	5207				
10233	5208				
10234	5209				
10235	5210				
10236	5211				
10237	5212				
10238	5213				
10239	5214				
10240	5215				
10241	5216				
10242	5217				
10243	5218				
10244	5219				
10245	5220				
10246	5221				
10247	5222				
10248	5223				
10249	5224				
10250	5225				
10251	5226				
10252	5227				
10253	5228				
10254	3661				
10255	3662				
10256	3663				
10257	3664				