01_FBTXD9_a	太霄殿1	61	12	1	15360	7800	0	1007	8	1
01_FBTXD9_a	太霄殿1	61	12	1	15360	7800	1	1007	8	1
01_FBTXD9_a	太霄殿1	61	12	1	15360	7800	2	1007	8	1
02_FBTXD9_b	太霄殿2	62	15	1	19725	9900	0	13801	1	1
02_FBTXD9_b	太霄殿2	62	15	1	19725	9900	1	13801	1	1
02_FBTXD9_b	太霄殿2	62	15	1	19725	9900	2	13801	1	1
03_FBTXD9_c	太霄殿3	63	35	1	47250	23275	0	9110	2	1
03_FBTXD9_c	太霄殿3	63	35	1	47250	23275	1	9111	2	1
03_FBTXD9_c	太霄殿3	63	35	1	47250	23275	2	9112	2	1
04_FBTXD9_d	太霄殿4	64	20	1	27800	13500	0	1027	8	1
04_FBTXD9_d	太霄殿4	64	20	1	27800	13500	1	1027	8	1
04_FBTXD9_d	太霄殿4	64	20	1	27800	13500	2	1027	8	1
05_FBTXD9_e	太霄殿5	65	25	1	35625	17125	0	13801	1	1
05_FBTXD9_e	太霄殿5	65	25	1	35625	17125	1	13801	1	1
05_FBTXD9_e	太霄殿5	65	25	1	35625	17125	2	13801	1	1
06_FBTXD9_f	太霄殿6	66	50	1	73250	34750	0	9110	2	1
06_FBTXD9_f	太霄殿6	66	50	1	73250	34750	1	9111	2	1
06_FBTXD9_f	太霄殿6	66	50	1	73250	34750	2	9112	2	1
07_FBTXD9_g	太霄殿7	67	50	1	75000	35250	0	1007	8	1
07_FBTXD9_g	太霄殿7	67	50	1	75000	35250	1	1007	8	1
07_FBTXD9_g	太霄殿7	67	50	1	75000	35250	2	1007	8	1
08_FBTXD9_h	太霄殿8	68	50	1	77000	35750	0	13801	1	1
08_FBTXD9_h	太霄殿8	68	50	1	77000	35750	1	13801	1	1
08_FBTXD9_h	太霄殿8	68	50	1	77000	35750	2	13801	1	1
09_FBTXD9_i	太霄殿9	69	70	1	110600	50750	0	9026	1	1
09_FBTXD9_i	太霄殿9	69	70	1	110600	50750	1	9026	1	1
09_FBTXD9_i	太霄殿9	69	70	1	110600	50750	2	9026	1	1
										
01_FBTXD9_a	太霄殿1	61	12	2	12288	6240	0	1007	7	1
01_FBTXD9_a	太霄殿1	61	12	2	12288	6240	1	1007	7	1
01_FBTXD9_a	太霄殿1	61	12	2	12288	6240	2	1007	7	1
02_FBTXD9_b	太霄殿2	62	15	2	15780	7920	0	13801	1	1
02_FBTXD9_b	太霄殿2	62	15	2	15780	7920	1	13801	1	1
02_FBTXD9_b	太霄殿2	62	15	2	15780	7920	2	13801	1	1
03_FBTXD9_c	太霄殿3	63	35	2	37800	18620	0	9110	2	1
03_FBTXD9_c	太霄殿3	63	35	2	37800	18620	1	9111	2	1
03_FBTXD9_c	太霄殿3	63	35	2	37800	18620	2	9112	2	1
04_FBTXD9_d	太霄殿4	64	20	2	22240	10800	0	1027	7	1
04_FBTXD9_d	太霄殿4	64	20	2	22240	10800	1	1027	7	1
04_FBTXD9_d	太霄殿4	64	20	2	22240	10800	2	1027	7	1
05_FBTXD9_e	太霄殿5	65	25	2	28500	13700	0	13801	1	1
05_FBTXD9_e	太霄殿5	65	25	2	28500	13700	1	13801	1	1
05_FBTXD9_e	太霄殿5	65	25	2	28500	13700	2	13801	1	1
06_FBTXD9_f	太霄殿6	66	50	2	58600	27800	0	9110	2	1
06_FBTXD9_f	太霄殿6	66	50	2	58600	27800	1	9111	2	1
06_FBTXD9_f	太霄殿6	66	50	2	58600	27800	2	9112	2	1
07_FBTXD9_g	太霄殿7	67	50	2	60000	28200	0	1007	7	1
07_FBTXD9_g	太霄殿7	67	50	2	60000	28200	1	1007	7	1
07_FBTXD9_g	太霄殿7	67	50	2	60000	28200	2	1007	7	1
08_FBTXD9_h	太霄殿8	68	50	2	61600	28600	0	13801	1	1
08_FBTXD9_h	太霄殿8	68	50	2	61600	28600	1	13801	1	1
08_FBTXD9_h	太霄殿8	68	50	2	61600	28600	2	13801	1	1
09_FBTXD9_i	太霄殿9	69	70	2	88480	40600	0	9026	1	1
09_FBTXD9_i	太霄殿9	69	70	2	88480	40600	1	9026	1	1
09_FBTXD9_i	太霄殿9	69	70	2	88480	40600	2	9026	1	1
										
01_FBTXD9_a	太霄殿1	61	12	3	9216	4680	0	1007	6	1
01_FBTXD9_a	太霄殿1	61	12	3	9216	4680	1	1007	6	1
01_FBTXD9_a	太霄殿1	61	12	3	9216	4680	2	1007	6	1
02_FBTXD9_b	太霄殿2	62	15	3	11835	5940	0	13801	1	1
02_FBTXD9_b	太霄殿2	62	15	3	11835	5940	1	13801	1	1
02_FBTXD9_b	太霄殿2	62	15	3	11835	5940	2	13801	1	1
03_FBTXD9_c	太霄殿3	63	35	3	28350	13965	0	9110	2	1
03_FBTXD9_c	太霄殿3	63	35	3	28350	13965	1	9111	2	1
03_FBTXD9_c	太霄殿3	63	35	3	28350	13965	2	9112	2	1
04_FBTXD9_d	太霄殿4	64	20	3	16680	8100	0	1027	6	1
04_FBTXD9_d	太霄殿4	64	20	3	16680	8100	1	1027	6	1
04_FBTXD9_d	太霄殿4	64	20	3	16680	8100	2	1027	6	1
05_FBTXD9_e	太霄殿5	65	25	3	21375	10275	0	13801	1	1
05_FBTXD9_e	太霄殿5	65	25	3	21375	10275	1	13801	1	1
05_FBTXD9_e	太霄殿5	65	25	3	21375	10275	2	13801	1	1
06_FBTXD9_f	太霄殿6	66	50	3	43950	20850	0	9110	2	1
06_FBTXD9_f	太霄殿6	66	50	3	43950	20850	1	9111	2	1
06_FBTXD9_f	太霄殿6	66	50	3	43950	20850	2	9112	2	1
07_FBTXD9_g	太霄殿7	67	50	3	45000	21150	0	1007	6	1
07_FBTXD9_g	太霄殿7	67	50	3	45000	21150	1	1007	6	1
07_FBTXD9_g	太霄殿7	67	50	3	45000	21150	2	1007	6	1
08_FBTXD9_h	太霄殿8	68	50	3	46200	21450	0	13801	1	1
08_FBTXD9_h	太霄殿8	68	50	3	46200	21450	1	13801	1	1
08_FBTXD9_h	太霄殿8	68	50	3	46200	21450	2	13801	1	1
09_FBTXD9_i	太霄殿9	69	70	3	66360	30450	0	9026	1	1
09_FBTXD9_i	太霄殿9	69	70	3	66360	30450	1	9026	1	1
09_FBTXD9_i	太霄殿9	69	70	3	66360	30450	2	9026	1	1
										
01_FBTXD9_a	太霄殿1	61	12	4	6144	3120	0	1007	5	1
01_FBTXD9_a	太霄殿1	61	12	4	6144	3120	1	1007	5	1
01_FBTXD9_a	太霄殿1	61	12	4	6144	3120	2	1007	5	1
02_FBTXD9_b	太霄殿2	62	15	4	7890	3960	0	13801	1	1
02_FBTXD9_b	太霄殿2	62	15	4	7890	3960	1	13801	1	1
02_FBTXD9_b	太霄殿2	62	15	4	7890	3960	2	13801	1	1
03_FBTXD9_c	太霄殿3	63	35	4	18900	9310	0	9110	2	1
03_FBTXD9_c	太霄殿3	63	35	4	18900	9310	1	9111	2	1
03_FBTXD9_c	太霄殿3	63	35	4	18900	9310	2	9112	2	1
04_FBTXD9_d	太霄殿4	64	20	4	11120	5400	0	1027	5	1
04_FBTXD9_d	太霄殿4	64	20	4	11120	5400	1	1027	5	1
04_FBTXD9_d	太霄殿4	64	20	4	11120	5400	2	1027	5	1
05_FBTXD9_e	太霄殿5	65	25	4	14250	6850	0	13801	1	1
05_FBTXD9_e	太霄殿5	65	25	4	14250	6850	1	13801	1	1
05_FBTXD9_e	太霄殿5	65	25	4	14250	6850	2	13801	1	1
06_FBTXD9_f	太霄殿6	66	50	4	29300	13900	0	9110	2	1
06_FBTXD9_f	太霄殿6	66	50	4	29300	13900	1	9111	2	1
06_FBTXD9_f	太霄殿6	66	50	4	29300	13900	2	9112	2	1
07_FBTXD9_g	太霄殿7	67	50	4	30000	14100	0	1007	5	1
07_FBTXD9_g	太霄殿7	67	50	4	30000	14100	1	1007	5	1
07_FBTXD9_g	太霄殿7	67	50	4	30000	14100	2	1007	5	1
08_FBTXD9_h	太霄殿8	68	50	4	30800	14300	0	13801	1	1
08_FBTXD9_h	太霄殿8	68	50	4	30800	14300	1	13801	1	1
08_FBTXD9_h	太霄殿8	68	50	4	30800	14300	2	13801	1	1
09_FBTXD9_i	太霄殿9	69	70	4	44240	20300	0	9026	1	1
09_FBTXD9_i	太霄殿9	69	70	4	44240	20300	1	9026	1	1
09_FBTXD9_i	太霄殿9	69	70	4	44240	20300	2	9026	1	1
										
01_FBTXD9_a	太霄殿1	61	12	5	4608	2340	0	1007	4	1
01_FBTXD9_a	太霄殿1	61	12	5	4608	2340	1	1007	4	1
01_FBTXD9_a	太霄殿1	61	12	5	4608	2340	2	1007	4	1
02_FBTXD9_b	太霄殿2	62	15	5	5918	2970	0	13801	1	1
02_FBTXD9_b	太霄殿2	62	15	5	5918	2970	1	13801	1	1
02_FBTXD9_b	太霄殿2	62	15	5	5918	2970	2	13801	1	1
03_FBTXD9_c	太霄殿3	63	35	5	14175	6983	0	9110	2	1
03_FBTXD9_c	太霄殿3	63	35	5	14175	6983	1	9111	2	1
03_FBTXD9_c	太霄殿3	63	35	5	14175	6983	2	9112	2	1
04_FBTXD9_d	太霄殿4	64	20	5	8340	4050	0	1027	4	1
04_FBTXD9_d	太霄殿4	64	20	5	8340	4050	1	1027	4	1
04_FBTXD9_d	太霄殿4	64	20	5	8340	4050	2	1027	4	1
05_FBTXD9_e	太霄殿5	65	25	5	10688	5138	0	13801	1	1
05_FBTXD9_e	太霄殿5	65	25	5	10688	5138	1	13801	1	1
05_FBTXD9_e	太霄殿5	65	25	5	10688	5138	2	13801	1	1
06_FBTXD9_f	太霄殿6	66	50	5	21975	10425	0	9110	2	1
06_FBTXD9_f	太霄殿6	66	50	5	21975	10425	1	9111	2	1
06_FBTXD9_f	太霄殿6	66	50	5	21975	10425	2	9112	2	1
07_FBTXD9_g	太霄殿7	67	50	5	22500	10575	0	1007	4	1
07_FBTXD9_g	太霄殿7	67	50	5	22500	10575	1	1007	4	1
07_FBTXD9_g	太霄殿7	67	50	5	22500	10575	2	1007	4	1
08_FBTXD9_h	太霄殿8	68	50	5	23100	10725	0	13801	1	1
08_FBTXD9_h	太霄殿8	68	50	5	23100	10725	1	13801	1	1
08_FBTXD9_h	太霄殿8	68	50	5	23100	10725	2	13801	1	1
09_FBTXD9_i	太霄殿9	69	70	5	33180	15225	0	9026	1	1
09_FBTXD9_i	太霄殿9	69	70	5	33180	15225	1	9026	1	1
09_FBTXD9_i	太霄殿9	69	70	5	33180	15225	2	9026	1	1
										
01_FBTXD9_a	太霄殿1	61	12	6	3072	1560	0	1007	3	1
01_FBTXD9_a	太霄殿1	61	12	6	3072	1560	1	1007	3	1
01_FBTXD9_a	太霄殿1	61	12	6	3072	1560	2	1007	3	1
02_FBTXD9_b	太霄殿2	62	15	6	3945	1980	0	13801	1	1
02_FBTXD9_b	太霄殿2	62	15	6	3945	1980	1	13801	1	1
02_FBTXD9_b	太霄殿2	62	15	6	3945	1980	2	13801	1	1
03_FBTXD9_c	太霄殿3	63	35	6	9450	4655	0	9110	2	1
03_FBTXD9_c	太霄殿3	63	35	6	9450	4655	1	9111	2	1
03_FBTXD9_c	太霄殿3	63	35	6	9450	4655	2	9112	2	1
04_FBTXD9_d	太霄殿4	64	20	6	5560	2700	0	1027	3	1
04_FBTXD9_d	太霄殿4	64	20	6	5560	2700	1	1027	3	1
04_FBTXD9_d	太霄殿4	64	20	6	5560	2700	2	1027	3	1
05_FBTXD9_e	太霄殿5	65	25	6	7125	3425	0	13801	1	1
05_FBTXD9_e	太霄殿5	65	25	6	7125	3425	1	13801	1	1
05_FBTXD9_e	太霄殿5	65	25	6	7125	3425	2	13801	1	1
06_FBTXD9_f	太霄殿6	66	50	6	14650	6950	0	9110	2	1
06_FBTXD9_f	太霄殿6	66	50	6	14650	6950	1	9111	2	1
06_FBTXD9_f	太霄殿6	66	50	6	14650	6950	2	9112	2	1
07_FBTXD9_g	太霄殿7	67	50	6	15000	7050	0	1007	3	1
07_FBTXD9_g	太霄殿7	67	50	6	15000	7050	1	1007	3	1
07_FBTXD9_g	太霄殿7	67	50	6	15000	7050	2	1007	3	1
08_FBTXD9_h	太霄殿8	68	50	6	15400	7150	0	13801	1	1
08_FBTXD9_h	太霄殿8	68	50	6	15400	7150	1	13801	1	1
08_FBTXD9_h	太霄殿8	68	50	6	15400	7150	2	13801	1	1
09_FBTXD9_i	太霄殿9	69	70	6	22120	10150	0	9026	1	1
09_FBTXD9_i	太霄殿9	69	70	6	22120	10150	1	9026	1	1
09_FBTXD9_i	太霄殿9	69	70	6	22120	10150	2	9026	1	1