id	name	goodsType	imageId	bindType	overlapCount	level	effectId	desc	recycling	recyclePrice	only	offlineDie	discard	printlog	qualityType	lvLimit	suitId	suitGroupId	activateType	deadline	expireType	secondType	equipslotType	career	resId	gemType	openHoleNum	maxStarLevel	attriNum	atk	rit	baseMaxHP	baseMaxMP	hit	dodge	critAtk	critRit	gs	sex	upgradeId
模板ID	名称	物品类型	图标ID	绑定类型	叠放数量	物品等级	效果id	物品描述	可否回收	回收价格	是否唯一	下线是否消失	可否丢弃	是否打印日志	物品品质	使用等级	套装ID	套装组ID	激活类型	有效期限（分钟）	到期处理类型	物品小类	装备部位	职业	资源ID	可镶嵌宝石类型	已开孔数	最高强化等级	洗练属性个数	攻击力	防御力	基本HP上限	基本MP上限	命中	闪避	暴击	韧性	装备评分	性别	升级模板ID
4001300	新兵的强击头盔	5	13	2	1	1		新兵的强击头盔	1	1000	0	0	1	0	3	1						0	0	-1		1	1	20	3	0	0	420	0	0	0	0	0		-1	
4001301	新兵的强击项链	5	23	2	1	1		新兵的强击项链	1	1000	0	0	1	0	3	1						1	1	-1	31002	4	1	20	3	0	0	0	0	0	0	100	0		-1	
4001302	新兵的强击肩甲	5	21	2	1	1		新兵的强击肩甲	1	1000	0	0	1	0	3	1						2	2	-1		5	1	20	3	0	0	0	0	0	0	0	100		-1	
4001303	新兵的强击武器	5	24	2	1	1		新兵的强击武器	1	1000	0	0	1	0	3	1						3	3	-1		2	1	20	3	56	0	0	0	0	0	0	0		-1	
4001304	新兵的强击胸甲	5	14	2	1	1		新兵的强击胸甲	1	1000	0	0	1	0	3	1						4	4	-1		3	1	20	3	0	34	0	0	0	0	0	0		-1	
4001305	新兵的强击戒指	5	22	2	1	1		新兵的强击戒指	1	1000	0	0	1	0	3	1						5	5	-1		7	1	20	3	0	0	0	0	0	100	0	0		-1	
4001306	新兵的强击裤子	5	16	2	1	1		新兵的强击裤子	1	1000	0	0	1	0	3	1						6	6	-1	51001	3	1	20	3	0	14	0	0	0	0	0	0		-1	
4001307	新兵的强击腰带	5	15	2	1	1		新兵的强击腰带	1	1000	0	0	1	0	3	1						7	7	-1		1	1	20	3	0	0	180	0	0	0	0	0		-1	
4001308	新兵的强击鞋子	5	17	2	1	1		新兵的强击鞋子	1	1000	0	0	1	0	3	1						8	8	-1		6	1	20	3	0	0	0	0	100	0	0	0		-1	
4001309	新兵的强击手套	5	20	2	1	1		新兵的强击手套	1	1000	0	0	1	0	3	1						9	9	-1		2	1	20	3	24	0	0	0	0	0	0	0		-1	
4001400	勇士的强击头盔	5	13	2	1	1		勇士的强击头盔	1	1000	0	0	1	0	4	1						0	0	-1		1	2	20	3	0	0	525	0	0	0	0	0		-1	
4001401	勇士的强击项链	5	23	2	1	1		勇士的强击项链	1	1000	0	0	1	0	4	1						1	1	-1		4	2	20	3	0	0	0	0	0	0	100	0		-1	
4001402	勇士的强击肩甲	5	21	2	1	1		勇士的强击肩甲	1	1000	0	0	1	0	4	1						2	2	-1		5	2	20	3	0	0	0	0	0	0	0	100		-1	
4001403	勇士的强击武器	5	24	2	1	1		勇士的强击武器	1	1000	0	0	1	0	4	1						3	3	-1		2	2	20	3	70	0	0	0	0	0	0	0		-1	
4001404	勇士的强击胸甲	5	14	2	1	1		勇士的强击胸甲	1	1000	0	0	1	0	4	1						4	4	-1		3	2	20	3	0	42	0	0	0	0	0	0		-1	
4001405	勇士的强击戒指	5	22	2	1	1		勇士的强击戒指	1	1000	0	0	1	0	4	1						5	5	-1		7	2	20	3	0	0	0	0	0	100	0	0		-1	
4001406	勇士的强击裤子	5	16	2	1	1		勇士的强击裤子	1	1000	0	0	1	0	4	1						6	6	-1		3	2	20	3	0	18	0	0	0	0	0	0		-1	
4001407	勇士的强击腰带	5	15	2	1	1		勇士的强击腰带	1	1000	0	0	1	0	4	1						7	7	-1		1	2	20	3	0	0	225	0	0	0	0	0		-1	
4001408	勇士的强击鞋子	5	17	2	1	1		勇士的强击鞋子	1	1000	0	0	1	0	4	1						8	8	-1		6	2	20	3	0	0	0	0	100	0	0	0		-1	
4001409	勇士的强击手套	5	20	2	1	1		勇士的强击手套	1	1000	0	0	1	0	4	1						9	9	-1		2	2	20	3	30	0	0	0	0	0	0	0		-1	
4001500	少校的强击头盔	5	13	2	1	1		少校的强击头盔	1	1000	0	0	1	0	5	1	15	5				0	0	-1		1	3	20	3	0	0	656	0	0	0	0	0		-1	
4001501	少校的强击项链	5	23	2	1	1		少校的强击项链	1	1000	0	0	1	0	5	1	15	5				1	1	-1		4	3	20	3	0	0	0	0	0	0	140	0		-1	
4001502	少校的强击肩甲	5	21	2	1	1		少校的强击肩甲	1	1000	0	0	1	0	5	1	15	5				2	2	-1		5	3	20	3	0	0	0	0	0	0	0	140		-1	
4001503	少校的强击武器	5	24	2	1	1		少校的强击武器	1	1000	0	0	1	0	5	1	15	5				3	3	-1		2	3	20	3	88	0	0	0	0	0	0	0		-1	
4001504	少校的强击胸甲	5	14	2	1	1		少校的强击胸甲	1	1000	0	0	1	0	5	1	15	5				4	4	-1		3	3	20	3	0	53	0	0	0	0	0	0		-1	
4001505	少校的强击戒指	5	22	2	1	1		少校的强击戒指	1	1000	0	0	1	0	5	1	15	5				5	5	-1		7	3	20	3	0	0	0	0	0	140	0	0		-1	
4001506	少校的强击裤子	5	16	2	1	1		少校的强击裤子	1	1000	0	0	1	0	5	1	15	5				6	6	-1		3	3	20	3	0	23	0	0	0	0	0	0		-1	
4001507	少校的强击腰带	5	15	2	1	1		少校的强击腰带	1	1000	0	0	1	0	5	1	15	5				7	7	-1		1	3	20	3	0	0	281	0	0	0	0	0		-1	
4001508	少校的强击鞋子	5	17	2	1	1		少校的强击鞋子	1	1000	0	0	1	0	5	1	15	5				8	8	-1		6	3	20	3	0	0	0	0	140	0	0	0		-1	
4001509	少校的强击手套	5	20	2	1	1		少校的强击手套	1	1000	0	0	1	0	5	1	15	5				9	9	-1		2	3	20	3	38	0	0	0	0	0	0	0		-1	
4001600	将军的强击头盔	5	13	2	1	1		将军的强击头盔	1	1000	0	0	1	0	6	1	16	6				0	0	-1		1	4	20	3	0	0	919	0	0	0	0	0		-1	
4001601	将军的强击项链	5	23	2	1	1		将军的强击项链	1	1000	0	0	1	0	6	1	16	6				1	1	-1		4	4	20	3	0	0	0	0	0	0	180	0		-1	
4001602	将军的强击肩甲	5	21	2	1	1		将军的强击肩甲	1	1000	0	0	1	0	6	1	16	6				2	2	-1		5	4	20	3	0	0	0	0	0	0	0	180		-1	
4001603	将军的强击武器	5	24	2	1	1		将军的强击武器	1	1000	0	0	1	0	6	1	16	6				3	3	-1		2	4	20	3	123	0	0	0	0	0	0	0		-1	
4001604	将军的强击胸甲	5	14	2	1	1		将军的强击胸甲	1	1000	0	0	1	0	6	1	16	6				4	4	-1		3	4	20	3	0	74	0	0	0	0	0	0		-1	
4001605	将军的强击戒指	5	22	2	1	1		将军的强击戒指	1	1000	0	0	1	0	6	1	16	6				5	5	-1		7	4	20	3	0	0	0	0	0	180	0	0		-1	
4001606	将军的强击裤子	5	16	2	1	1		将军的强击裤子	1	1000	0	0	1	0	6	1	16	6				6	6	-1		3	4	20	3	0	32	0	0	0	0	0	0		-1	
4001607	将军的强击腰带	5	15	2	1	1		将军的强击腰带	1	1000	0	0	1	0	6	1	16	6				7	7	-1		1	4	20	3	0	0	394	0	0	0	0	0		-1	
4001608	将军的强击鞋子	5	17	2	1	1		将军的强击鞋子	1	1000	0	0	1	0	6	1	16	6				8	8	-1		6	4	20	3	0	0	0	0	180	0	0	0		-1	
4001609	将军的强击手套	5	20	2	1	1		将军的强击手套	1	1000	0	0	1	0	6	1	16	6				9	9	-1		2	4	20	3	53	0	0	0	0	0	0	0		-1	
4001700	元帅的强击头盔	5	13	2	1	1		元帅的强击头盔	1	1000	0	0	1	0	7	1	17	7				0	0	-1		1	5	20	3	0	0	1313	0	0	0	0	0		-1	
4001701	元帅的强击项链	5	23	2	1	1		元帅的强击项链	1	1000	0	0	1	0	7	1	17	7				1	1	-1		4	5	20	3	0	0	0	0	0	0	220	0		-1	
4001702	元帅的强击肩甲	5	21	2	1	1		元帅的强击肩甲	1	1000	0	0	1	0	7	1	17	7				2	2	-1		5	5	20	3	0	0	0	0	0	0	0	220		-1	
4001703	元帅的强击武器	5	24	2	1	1		元帅的强击武器	1	1000	0	0	1	0	7	1	17	7				3	3	-1		2	5	20	3	175	0	0	0	0	0	0	0		-1	
4001704	元帅的强击胸甲	5	14	2	1	1		元帅的强击胸甲	1	1000	0	0	1	0	7	1	17	7				4	4	-1		3	5	20	3	0	105	0	0	0	0	0	0		-1	
4001705	元帅的强击戒指	5	22	2	1	1		元帅的强击戒指	1	1000	0	0	1	0	7	1	17	7				5	5	-1		7	5	20	3	0	0	0	0	0	220	0	0		-1	
4001706	元帅的强击裤子	5	16	2	1	1		元帅的强击裤子	1	1000	0	0	1	0	7	1	17	7				6	6	-1		3	5	20	3	0	45	0	0	0	0	0	0		-1	
4001707	元帅的强击腰带	5	15	2	1	1		元帅的强击腰带	1	1000	0	0	1	0	7	1	17	7				7	7	-1		1	5	20	3	0	0	563	0	0	0	0	0		-1	
4001708	元帅的强击鞋子	5	17	2	1	1		元帅的强击鞋子	1	1000	0	0	1	0	7	1	17	7				8	8	-1		6	5	20	3	0	0	0	0	220	0	0	0		-1	
4001709	元帅的强击手套	5	20	2	1	1		元帅的强击手套	1	1000	0	0	1	0	7	1	17	7				9	9	-1		2	5	20	3	75	0	0	0	0	0	0	0		-1	
4020300	新兵的玄月头盔	5	13	2	1	20		新兵的玄月头盔	1	1000	0	0	1	0	3	20						0	0	-1		1	2	20	3	0	0	1092	0	0	0	0	0		-1	4040400
4020301	新兵的玄月项链	5	23	2	1	20		新兵的玄月项链	1	1000	0	0	1	0	3	20						1	1	-1		4	2	20	3	0	0	0	0	0	0	125	0		-1	4040401
4020302	新兵的玄月肩甲	5	21	2	1	20		新兵的玄月肩甲	1	1000	0	0	1	0	3	20						2	2	-1		5	2	20	3	0	0	0	0	0	0	0	125		-1	4040402
4020303	新兵的玄月武器	5	24	2	1	20		新兵的玄月武器	1	1000	0	0	1	0	3	20						3	3	-1		2	2	20	3	146	0	0	0	0	0	0	0		-1	4040403
4020304	新兵的玄月胸甲	5	14	2	1	20		新兵的玄月胸甲	1	1000	0	0	1	0	3	20						4	4	-1		3	2	20	3	0	87	0	0	0	0	0	0		-1	4040404
4020305	新兵的玄月戒指	5	22	2	1	20		新兵的玄月戒指	1	1000	0	0	1	0	3	20						5	5	-1		7	2	20	3	0	0	0	0	0	125	0	0		-1	4040405
4020306	新兵的玄月裤子	5	16	2	1	20		新兵的玄月裤子	1	1000	0	0	1	0	3	20						6	6	-1		3	2	20	3	0	37	0	0	0	0	0	0		-1	4040406
4020307	新兵的玄月腰带	5	15	2	1	20		新兵的玄月腰带	1	1000	0	0	1	0	3	20						7	7	-1		1	2	20	3	0	0	468	0	0	0	0	0		-1	4040407
4020308	新兵的玄月鞋子	5	17	2	1	20		新兵的玄月鞋子	1	1000	0	0	1	0	3	20						8	8	-1		6	2	20	3	0	0	0	0	125	0	0	0		-1	4040408
4020309	新兵的玄月手套	5	20	2	1	20		新兵的玄月手套	1	1000	0	0	1	0	3	20						9	9	-1		2	2	20	3	62	0	0	0	0	0	0	0		-1	4040409
4020400	勇士的玄月头盔	5	13	2	1	20		勇士的玄月头盔	1	1000	0	0	1	0	4	20						0	0	-1		1	3	20	3	0	0	1365	0	0	0	0	0		-1	
4020401	勇士的玄月项链	5	23	2	1	20		勇士的玄月项链	1	1000	0	0	1	0	4	20						1	1	-1		4	3	20	3	0	0	0	0	0	0	125	0		-1	
4020402	勇士的玄月肩甲	5	21	2	1	20		勇士的玄月肩甲	1	1000	0	0	1	0	4	20						2	2	-1		5	3	20	3	0	0	0	0	0	0	0	125		-1	
4020403	勇士的玄月武器	5	24	2	1	20		勇士的玄月武器	1	1000	0	0	1	0	4	20						3	3	-1		2	3	20	3	182	0	0	0	0	0	0	0		-1	
4020404	勇士的玄月胸甲	5	14	2	1	20		勇士的玄月胸甲	1	1000	0	0	1	0	4	20						4	4	-1		3	3	20	3	0	109	0	0	0	0	0	0		-1	
4020405	勇士的玄月戒指	5	22	2	1	20		勇士的玄月戒指	1	1000	0	0	1	0	4	20						5	5	-1		7	3	20	3	0	0	0	0	0	125	0	0		-1	
4020406	勇士的玄月裤子	5	16	2	1	20		勇士的玄月裤子	1	1000	0	0	1	0	4	20						6	6	-1		3	3	20	3	0	47	0	0	0	0	0	0		-1	
4020407	勇士的玄月腰带	5	15	2	1	20		勇士的玄月腰带	1	1000	0	0	1	0	4	20						7	7	-1		1	3	20	3	0	0	585	0	0	0	0	0		-1	
4020408	勇士的玄月鞋子	5	17	2	1	20		勇士的玄月鞋子	1	1000	0	0	1	0	4	20						8	8	-1		6	3	20	3	0	0	0	0	125	0	0	0		-1	
4020409	勇士的玄月手套	5	20	2	1	20		勇士的玄月手套	1	1000	0	0	1	0	4	20						9	9	-1		2	3	20	3	78	0	0	0	0	0	0	0		-1	
4020500	少校的玄月头盔	5	13	2	1	20		少校的玄月头盔	1	1000	0	0	1	0	5	20	205	5				0	0	-1		1	4	20	3	0	0	1706	0	0	0	0	0		-1	
4020501	少校的玄月项链	5	23	2	1	20		少校的玄月项链	1	1000	0	0	1	0	5	20	205	5				1	1	-1		4	4	20	3	0	0	0	0	0	0	175	0		-1	
4020502	少校的玄月肩甲	5	21	2	1	20		少校的玄月肩甲	1	1000	0	0	1	0	5	20	205	5				2	2	-1		5	4	20	3	0	0	0	0	0	0	0	175		-1	
4020503	少校的玄月武器	5	24	2	1	20		少校的玄月武器	1	1000	0	0	1	0	5	20	205	5				3	3	-1		2	4	20	3	228	0	0	0	0	0	0	0		-1	
4020504	少校的玄月胸甲	5	14	2	1	20		少校的玄月胸甲	1	1000	0	0	1	0	5	20	205	5				4	4	-1		3	4	20	3	0	137	0	0	0	0	0	0		-1	
4020505	少校的玄月戒指	5	22	2	1	20		少校的玄月戒指	1	1000	0	0	1	0	5	20	205	5				5	5	-1		7	4	20	3	0	0	0	0	0	175	0	0		-1	
4020506	少校的玄月裤子	5	16	2	1	20		少校的玄月裤子	1	1000	0	0	1	0	5	20	205	5				6	6	-1		3	4	20	3	0	59	0	0	0	0	0	0		-1	
4020507	少校的玄月腰带	5	15	2	1	20		少校的玄月腰带	1	1000	0	0	1	0	5	20	205	5				7	7	-1		1	4	20	3	0	0	731	0	0	0	0	0		-1	
4020508	少校的玄月鞋子	5	17	2	1	20		少校的玄月鞋子	1	1000	0	0	1	0	5	20	205	5				8	8	-1		6	4	20	3	0	0	0	0	175	0	0	0		-1	
4020509	少校的玄月手套	5	20	2	1	20		少校的玄月手套	1	1000	0	0	1	0	5	20	205	5				9	9	-1		2	4	20	3	98	0	0	0	0	0	0	0		-1	
4020600	将军的玄月头盔	5	13	2	1	20		将军的玄月头盔	1	1000	0	0	1	0	6	20	206	6				0	0	-1		1	5	20	3	0	0	2389	0	0	0	0	0		-1	
4020601	将军的玄月项链	5	23	2	1	20		将军的玄月项链	1	1000	0	0	1	0	6	20	206	6				1	1	-1		4	5	20	3	0	0	0	0	0	0	225	0		-1	
4020602	将军的玄月肩甲	5	21	2	1	20		将军的玄月肩甲	1	1000	0	0	1	0	6	20	206	6				2	2	-1		5	5	20	3	0	0	0	0	0	0	0	225		-1	
4020603	将军的玄月武器	5	24	2	1	20		将军的玄月武器	1	1000	0	0	1	0	6	20	206	6				3	3	-1		2	5	20	3	319	0	0	0	0	0	0	0		-1	
4020604	将军的玄月胸甲	5	14	2	1	20		将军的玄月胸甲	1	1000	0	0	1	0	6	20	206	6				4	4	-1		3	5	20	3	0	191	0	0	0	0	0	0		-1	
4020605	将军的玄月戒指	5	22	2	1	20		将军的玄月戒指	1	1000	0	0	1	0	6	20	206	6				5	5	-1		7	5	20	3	0	0	0	0	0	225	0	0		-1	
4020606	将军的玄月裤子	5	16	2	1	20		将军的玄月裤子	1	1000	0	0	1	0	6	20	206	6				6	6	-1		3	5	20	3	0	82	0	0	0	0	0	0		-1	
4020607	将军的玄月腰带	5	15	2	1	20		将军的玄月腰带	1	1000	0	0	1	0	6	20	206	6				7	7	-1		1	5	20	3	0	0	1024	0	0	0	0	0		-1	
4020608	将军的玄月鞋子	5	17	2	1	20		将军的玄月鞋子	1	1000	0	0	1	0	6	20	206	6				8	8	-1		6	5	20	3	0	0	0	0	225	0	0	0		-1	
4020609	将军的玄月手套	5	20	2	1	20		将军的玄月手套	1	1000	0	0	1	0	6	20	206	6				9	9	-1		2	5	20	3	137	0	0	0	0	0	0	0		-1	
4020700	元帅的玄月头盔	5	13	2	1	20		元帅的玄月头盔	1	1000	0	0	1	0	7	20	207	7				0	0	-1		1	6	20	3	0	0	3413	0	0	0	0	0		-1	
4020701	元帅的玄月项链	5	23	2	1	20		元帅的玄月项链	1	1000	0	0	1	0	7	20	207	7				1	1	-1		4	6	20	3	0	0	0	0	0	0	275	0		-1	
4020702	元帅的玄月肩甲	5	21	2	1	20		元帅的玄月肩甲	1	1000	0	0	1	0	7	20	207	7				2	2	-1		5	6	20	3	0	0	0	0	0	0	0	275		-1	
4020703	元帅的玄月武器	5	24	2	1	20		元帅的玄月武器	1	1000	0	0	1	0	7	20	207	7				3	3	-1		2	6	20	3	455	0	0	0	0	0	0	0		-1	
4020704	元帅的玄月胸甲	5	14	2	1	20		元帅的玄月胸甲	1	1000	0	0	1	0	7	20	207	7				4	4	-1		3	6	20	3	0	273	0	0	0	0	0	0		-1	
4020705	元帅的玄月戒指	5	22	2	1	20		元帅的玄月戒指	1	1000	0	0	1	0	7	20	207	7				5	5	-1		7	6	20	3	0	0	0	0	0	275	0	0		-1	
4020706	元帅的玄月裤子	5	16	2	1	20		元帅的玄月裤子	1	1000	0	0	1	0	7	20	207	7				6	6	-1		3	6	20	3	0	117	0	0	0	0	0	0		-1	
4020707	元帅的玄月腰带	5	15	2	1	20		元帅的玄月腰带	1	1000	0	0	1	0	7	20	207	7				7	7	-1		1	6	20	3	0	0	1463	0	0	0	0	0		-1	
4020708	元帅的玄月鞋子	5	17	2	1	20		元帅的玄月鞋子	1	1000	0	0	1	0	7	20	207	7				8	8	-1		6	6	20	3	0	0	0	0	275	0	0	0		-1	
4020709	元帅的玄月手套	5	20	2	1	20		元帅的玄月手套	1	1000	0	0	1	0	7	20	207	7				9	9	-1		2	6	20	3	195	0	0	0	0	0	0	0		-1	
4040300	新兵的暗锋头盔	5	13	2	1	40		新兵的暗锋头盔	1	1000	0	0	1	0	3	40						0	0	-1		1	3	20	3	0	0	1898	0	0	0	0	0		-1	4060300
4040301	新兵的暗锋项链	5	23	2	1	40		新兵的暗锋项链	1	1000	0	0	1	0	3	40						1	1	-1		4	3	20	3	0	0	0	0	0	0	150	0		-1	4060301
4040302	新兵的暗锋肩甲	5	21	2	1	40		新兵的暗锋肩甲	1	1000	0	0	1	0	3	40						2	2	-1		5	3	20	3	0	0	0	0	0	0	0	150		-1	4060302
4040303	新兵的暗锋武器	5	24	2	1	40		新兵的暗锋武器	1	1000	0	0	1	0	3	40						3	3	-1		2	3	20	3	253	0	0	0	0	0	0	0		-1	4060303
4040304	新兵的暗锋胸甲	5	14	2	1	40		新兵的暗锋胸甲	1	1000	0	0	1	0	3	40						4	4	-1		3	3	20	3	0	152	0	0	0	0	0	0		-1	4060304
4040305	新兵的暗锋戒指	5	22	2	1	40		新兵的暗锋戒指	1	1000	0	0	1	0	3	40						5	5	-1		7	3	20	3	0	0	0	0	0	150	0	0		-1	4060305
4040306	新兵的暗锋裤子	5	16	2	1	40		新兵的暗锋裤子	1	1000	0	0	1	0	3	40						6	6	-1		3	3	20	3	0	65	0	0	0	0	0	0		-1	4060306
4040307	新兵的暗锋腰带	5	15	2	1	40		新兵的暗锋腰带	1	1000	0	0	1	0	3	40						7	7	-1		1	3	20	3	0	0	814	0	0	0	0	0		-1	4060307
4040308	新兵的暗锋鞋子	5	17	2	1	40		新兵的暗锋鞋子	1	1000	0	0	1	0	3	40						8	8	-1		6	3	20	3	0	0	0	0	150	0	0	0		-1	4060308
4040309	新兵的暗锋手套	5	20	2	1	40		新兵的暗锋手套	1	1000	0	0	1	0	3	40						9	9	-1		2	3	20	3	108	0	0	0	0	0	0	0		-1	4060309
4040400	勇士的暗锋头盔	5	13	2	1	40		勇士的暗锋头盔	1	1000	0	0	1	0	4	40						0	0	-1		1	4	20	3	0	0	2373	0	0	0	0	0		-1	4060400
4040401	勇士的暗锋项链	5	23	2	1	40		勇士的暗锋项链	1	1000	0	0	1	0	4	40						1	1	-1		4	4	20	3	0	0	0	0	0	0	150	0		-1	4060401
4040402	勇士的暗锋肩甲	5	21	2	1	40		勇士的暗锋肩甲	1	1000	0	0	1	0	4	40						2	2	-1		5	4	20	3	0	0	0	0	0	0	0	150		-1	4060402
4040403	勇士的暗锋武器	5	24	2	1	40		勇士的暗锋武器	1	1000	0	0	1	0	4	40						3	3	-1		2	4	20	3	316	0	0	0	0	0	0	0		-1	4060403
4040404	勇士的暗锋胸甲	5	14	2	1	40		勇士的暗锋胸甲	1	1000	0	0	1	0	4	40						4	4	-1		3	4	20	3	0	190	0	0	0	0	0	0		-1	4060404
4040405	勇士的暗锋戒指	5	22	2	1	40		勇士的暗锋戒指	1	1000	0	0	1	0	4	40						5	5	-1		7	4	20	3	0	0	0	0	0	150	0	0		-1	4060405
4040406	勇士的暗锋裤子	5	16	2	1	40		勇士的暗锋裤子	1	1000	0	0	1	0	4	40						6	6	-1		3	4	20	3	0	81	0	0	0	0	0	0		-1	4060406
4040407	勇士的暗锋腰带	5	15	2	1	40		勇士的暗锋腰带	1	1000	0	0	1	0	4	40						7	7	-1		1	4	20	3	0	0	1017	0	0	0	0	0		-1	4060407
4040408	勇士的暗锋鞋子	5	17	2	1	40		勇士的暗锋鞋子	1	1000	0	0	1	0	4	40						8	8	-1		6	4	20	3	0	0	0	0	150	0	0	0		-1	4060408
4040409	勇士的暗锋手套	5	20	2	1	40		勇士的暗锋手套	1	1000	0	0	1	0	4	40						9	9	-1		2	4	20	3	136	0	0	0	0	0	0	0		-1	4060409
4040500	少校的暗锋头盔	5	13	2	1	40		少校的暗锋头盔	1	1000	0	0	1	0	5	40	405	5				0	0	-1		1	5	20	3	0	0	2966	0	0	0	0	0		-1	4060500
4040501	少校的暗锋项链	5	23	2	1	40		少校的暗锋项链	1	1000	0	0	1	0	5	40	405	5				1	1	-1		4	5	20	3	0	0	0	0	0	0	210	0		-1	4060501
4040502	少校的暗锋肩甲	5	21	2	1	40		少校的暗锋肩甲	1	1000	0	0	1	0	5	40	405	5				2	2	-1		5	5	20	3	0	0	0	0	0	0	0	210		-1	4060502
4040503	少校的暗锋武器	5	24	2	1	40		少校的暗锋武器	1	1000	0	0	1	0	5	40	405	5				3	3	-1		2	5	20	3	396	0	0	0	0	0	0	0		-1	4060503
4040504	少校的暗锋胸甲	5	14	2	1	40		少校的暗锋胸甲	1	1000	0	0	1	0	5	40	405	5				4	4	-1		3	5	20	3	0	237	0	0	0	0	0	0		-1	4060504
4040505	少校的暗锋戒指	5	22	2	1	40		少校的暗锋戒指	1	1000	0	0	1	0	5	40	405	5				5	5	-1		7	5	20	3	0	0	0	0	0	210	0	0		-1	4060505
4040506	少校的暗锋裤子	5	16	2	1	40		少校的暗锋裤子	1	1000	0	0	1	0	5	40	405	5				6	6	-1		3	5	20	3	0	102	0	0	0	0	0	0		-1	4060506
4040507	少校的暗锋腰带	5	15	2	1	40		少校的暗锋腰带	1	1000	0	0	1	0	5	40	405	5				7	7	-1		1	5	20	3	0	0	1271	0	0	0	0	0		-1	4060507
4040508	少校的暗锋鞋子	5	17	2	1	40		少校的暗锋鞋子	1	1000	0	0	1	0	5	40	405	5				8	8	-1		6	5	20	3	0	0	0	0	210	0	0	0		-1	4060508
4040509	少校的暗锋手套	5	20	2	1	40		少校的暗锋手套	1	1000	0	0	1	0	5	40	405	5				9	9	-1		2	5	20	3	170	0	0	0	0	0	0	0		-1	4060509
4040600	将军的暗锋头盔	5	13	2	1	40		将军的暗锋头盔	1	1000	0	0	1	0	6	40	406	6				0	0	-1		1	6	20	3	0	0	4153	0	0	0	0	0		-1	4060600
4040601	将军的暗锋项链	5	23	2	1	40		将军的暗锋项链	1	1000	0	0	1	0	6	40	406	6				1	1	-1		4	6	20	3	0	0	0	0	0	0	270	0		-1	4060601
4040602	将军的暗锋肩甲	5	21	2	1	40		将军的暗锋肩甲	1	1000	0	0	1	0	6	40	406	6				2	2	-1		5	6	20	3	0	0	0	0	0	0	0	270		-1	4060602
4040603	将军的暗锋武器	5	24	2	1	40		将军的暗锋武器	1	1000	0	0	1	0	6	40	406	6				3	3	-1		2	6	20	3	554	0	0	0	0	0	0	0		-1	4060603
4040604	将军的暗锋胸甲	5	14	2	1	40		将军的暗锋胸甲	1	1000	0	0	1	0	6	40	406	6				4	4	-1		3	6	20	3	0	332	0	0	0	0	0	0		-1	4060604
4040605	将军的暗锋戒指	5	22	2	1	40		将军的暗锋戒指	1	1000	0	0	1	0	6	40	406	6				5	5	-1		7	6	20	3	0	0	0	0	0	270	0	0		-1	4060605
4040606	将军的暗锋裤子	5	16	2	1	40		将军的暗锋裤子	1	1000	0	0	1	0	6	40	406	6				6	6	-1		3	6	20	3	0	142	0	0	0	0	0	0		-1	4060606
4040607	将军的暗锋腰带	5	15	2	1	40		将军的暗锋腰带	1	1000	0	0	1	0	6	40	406	6				7	7	-1		1	6	20	3	0	0	1780	0	0	0	0	0		-1	4060607
4040608	将军的暗锋鞋子	5	17	2	1	40		将军的暗锋鞋子	1	1000	0	0	1	0	6	40	406	6				8	8	-1		6	6	20	3	0	0	0	0	270	0	0	0		-1	4060608
4040609	将军的暗锋手套	5	20	2	1	40		将军的暗锋手套	1	1000	0	0	1	0	6	40	406	6				9	9	-1		2	6	20	3	237	0	0	0	0	0	0	0		-1	4060609
4040700	元帅的暗锋头盔	5	13	2	1	40		元帅的暗锋头盔	1	1000	0	0	1	0	7	40	407	7				0	0	-1		1	7	20	3	0	0	5933	0	0	0	0	0		-1	4060700
4040701	元帅的暗锋项链	5	23	2	1	40		元帅的暗锋项链	1	1000	0	0	1	0	7	40	407	7				1	1	-1		4	7	20	3	0	0	0	0	0	0	330	0		-1	4060701
4040702	元帅的暗锋肩甲	5	21	2	1	40		元帅的暗锋肩甲	1	1000	0	0	1	0	7	40	407	7				2	2	-1		5	7	20	3	0	0	0	0	0	0	0	330		-1	4060702
4040703	元帅的暗锋武器	5	24	2	1	40		元帅的暗锋武器	1	1000	0	0	1	0	7	40	407	7				3	3	-1		2	7	20	3	791	0	0	0	0	0	0	0		-1	4060703
4040704	元帅的暗锋胸甲	5	14	2	1	40		元帅的暗锋胸甲	1	1000	0	0	1	0	7	40	407	7				4	4	-1		3	7	20	3	0	475	0	0	0	0	0	0		-1	4060704
4040705	元帅的暗锋戒指	5	22	2	1	40		元帅的暗锋戒指	1	1000	0	0	1	0	7	40	407	7				5	5	-1		7	7	20	3	0	0	0	0	0	330	0	0		-1	4060705
4040706	元帅的暗锋裤子	5	16	2	1	40		元帅的暗锋裤子	1	1000	0	0	1	0	7	40	407	7				6	6	-1		3	7	20	3	0	203	0	0	0	0	0	0		-1	4060706
4040707	元帅的暗锋腰带	5	15	2	1	40		元帅的暗锋腰带	1	1000	0	0	1	0	7	40	407	7				7	7	-1		1	7	20	3	0	0	2543	0	0	0	0	0		-1	4060707
4040708	元帅的暗锋鞋子	5	17	2	1	40		元帅的暗锋鞋子	1	1000	0	0	1	0	7	40	407	7				8	8	-1		6	7	20	3	0	0	0	0	330	0	0	0		-1	4060708
4040709	元帅的暗锋手套	5	20	2	1	40		元帅的暗锋手套	1	1000	0	0	1	0	7	40	407	7				9	9	-1		2	7	20	3	339	0	0	0	0	0	0	0		-1	4060709
4060300	新兵的炽焰头盔	5	13	2	1	60		新兵的炽焰头盔	1	1000	0	0	1	0	3	60						0	0	-1		1	4	20	3	0	0	2839	0	0	0	0	0		-1	4080300
4060301	新兵的炽焰项链	5	23	2	1	60		新兵的炽焰项链	1	1000	0	0	1	0	3	60						1	1	-1		4	4	20	3	0	0	0	0	0	0	175	0		-1	4080301
4060302	新兵的炽焰肩甲	5	21	2	1	60		新兵的炽焰肩甲	1	1000	0	0	1	0	3	60						2	2	-1		5	4	20	3	0	0	0	0	0	0	0	175		-1	4080302
4060303	新兵的炽焰武器	5	24	2	1	60		新兵的炽焰武器	1	1000	0	0	1	0	3	60						3	3	-1		2	4	20	3	379	0	0	0	0	0	0	0		-1	4080303
4060304	新兵的炽焰胸甲	5	14	2	1	60		新兵的炽焰胸甲	1	1000	0	0	1	0	3	60						4	4	-1		3	4	20	3	0	227	0	0	0	0	0	0		-1	4080304
4060305	新兵的炽焰戒指	5	22	2	1	60		新兵的炽焰戒指	1	1000	0	0	1	0	3	60						5	5	-1		7	4	20	3	0	0	0	0	0	175	0	0		-1	4080305
4060306	新兵的炽焰裤子	5	16	2	1	60		新兵的炽焰裤子	1	1000	0	0	1	0	3	60						6	6	-1		3	4	20	3	0	97	0	0	0	0	0	0		-1	4080306
4060307	新兵的炽焰腰带	5	15	2	1	60		新兵的炽焰腰带	1	1000	0	0	1	0	3	60						7	7	-1		1	4	20	3	0	0	1217	0	0	0	0	0		-1	4080307
4060308	新兵的炽焰鞋子	5	17	2	1	60		新兵的炽焰鞋子	1	1000	0	0	1	0	3	60						8	8	-1		6	4	20	3	0	0	0	0	175	0	0	0		-1	4080308
4060309	新兵的炽焰手套	5	20	2	1	60		新兵的炽焰手套	1	1000	0	0	1	0	3	60						9	9	-1		2	4	20	3	162	0	0	0	0	0	0	0		-1	4080309
4060400	勇士的炽焰头盔	5	13	2	1	60		勇士的炽焰头盔	1	1000	0	0	1	0	4	60						0	0	-1		1	5	20	3	0	0	3549	0	0	0	0	0		-1	4080400
4060401	勇士的炽焰项链	5	23	2	1	60		勇士的炽焰项链	1	1000	0	0	1	0	4	60						1	1	-1		4	5	20	3	0	0	0	0	0	0	175	0		-1	4080401
4060402	勇士的炽焰肩甲	5	21	2	1	60		勇士的炽焰肩甲	1	1000	0	0	1	0	4	60						2	2	-1		5	5	20	3	0	0	0	0	0	0	0	175		-1	4080402
4060403	勇士的炽焰武器	5	24	2	1	60		勇士的炽焰武器	1	1000	0	0	1	0	4	60						3	3	-1		2	5	20	3	473	0	0	0	0	0	0	0		-1	4080403
4060404	勇士的炽焰胸甲	5	14	2	1	60		勇士的炽焰胸甲	1	1000	0	0	1	0	4	60						4	4	-1		3	5	20	3	0	284	0	0	0	0	0	0		-1	4080404
4060405	勇士的炽焰戒指	5	22	2	1	60		勇士的炽焰戒指	1	1000	0	0	1	0	4	60						5	5	-1		7	5	20	3	0	0	0	0	0	175	0	0		-1	4080405
4060406	勇士的炽焰裤子	5	16	2	1	60		勇士的炽焰裤子	1	1000	0	0	1	0	4	60						6	6	-1		3	5	20	3	0	122	0	0	0	0	0	0		-1	4080406
4060407	勇士的炽焰腰带	5	15	2	1	60		勇士的炽焰腰带	1	1000	0	0	1	0	4	60						7	7	-1		1	5	20	3	0	0	1521	0	0	0	0	0		-1	4080407
4060408	勇士的炽焰鞋子	5	17	2	1	60		勇士的炽焰鞋子	1	1000	0	0	1	0	4	60						8	8	-1		6	5	20	3	0	0	0	0	175	0	0	0		-1	4080408
4060409	勇士的炽焰手套	5	20	2	1	60		勇士的炽焰手套	1	1000	0	0	1	0	4	60						9	9	-1		2	5	20	3	203	0	0	0	0	0	0	0		-1	4080409
4060500	少校的炽焰头盔	5	13	2	1	60		少校的炽焰头盔	1	1000	0	0	1	0	5	60	605	5				0	0	-1		1	6	20	3	0	0	4436	0	0	0	0	0		-1	4080500
4060501	少校的炽焰项链	5	23	2	1	60		少校的炽焰项链	1	1000	0	0	1	0	5	60	605	5				1	1	-1		4	6	20	3	0	0	0	0	0	0	245	0		-1	4080501
4060502	少校的炽焰肩甲	5	21	2	1	60		少校的炽焰肩甲	1	1000	0	0	1	0	5	60	605	5				2	2	-1		5	6	20	3	0	0	0	0	0	0	0	245		-1	4080502
4060503	少校的炽焰武器	5	24	2	1	60		少校的炽焰武器	1	1000	0	0	1	0	5	60	605	5				3	3	-1		2	6	20	3	592	0	0	0	0	0	0	0		-1	4080503
4060504	少校的炽焰胸甲	5	14	2	1	60		少校的炽焰胸甲	1	1000	0	0	1	0	5	60	605	5				4	4	-1		3	6	20	3	0	355	0	0	0	0	0	0		-1	4080504
4060505	少校的炽焰戒指	5	22	2	1	60		少校的炽焰戒指	1	1000	0	0	1	0	5	60	605	5				5	5	-1		7	6	20	3	0	0	0	0	0	245	0	0		-1	4080505
4060506	少校的炽焰裤子	5	16	2	1	60		少校的炽焰裤子	1	1000	0	0	1	0	5	60	605	5				6	6	-1		3	6	20	3	0	152	0	0	0	0	0	0		-1	4080506
4060507	少校的炽焰腰带	5	15	2	1	60		少校的炽焰腰带	1	1000	0	0	1	0	5	60	605	5				7	7	-1		1	6	20	3	0	0	1901	0	0	0	0	0		-1	4080507
4060508	少校的炽焰鞋子	5	17	2	1	60		少校的炽焰鞋子	1	1000	0	0	1	0	5	60	605	5				8	8	-1		6	6	20	3	0	0	0	0	245	0	0	0		-1	4080508
4060509	少校的炽焰手套	5	20	2	1	60		少校的炽焰手套	1	1000	0	0	1	0	5	60	605	5				9	9	-1		2	6	20	3	254	0	0	0	0	0	0	0		-1	4080509
4060600	将军的炽焰头盔	5	13	2	1	60		将军的炽焰头盔	1	1000	0	0	1	0	6	60	606	6				0	0	-1		1	7	20	3	0	0	6211	0	0	0	0	0		-1	4080600
4060601	将军的炽焰项链	5	23	2	1	60		将军的炽焰项链	1	1000	0	0	1	0	6	60	606	6				1	1	-1		4	7	20	3	0	0	0	0	0	0	315	0		-1	4080601
4060602	将军的炽焰肩甲	5	21	2	1	60		将军的炽焰肩甲	1	1000	0	0	1	0	6	60	606	6				2	2	-1		5	7	20	3	0	0	0	0	0	0	0	315		-1	4080602
4060603	将军的炽焰武器	5	24	2	1	60		将军的炽焰武器	1	1000	0	0	1	0	6	60	606	6				3	3	-1		2	7	20	3	828	0	0	0	0	0	0	0		-1	4080603
4060604	将军的炽焰胸甲	5	14	2	1	60		将军的炽焰胸甲	1	1000	0	0	1	0	6	60	606	6				4	4	-1		3	7	20	3	0	497	0	0	0	0	0	0		-1	4080604
4060605	将军的炽焰戒指	5	22	2	1	60		将军的炽焰戒指	1	1000	0	0	1	0	6	60	606	6				5	5	-1		7	7	20	3	0	0	0	0	0	315	0	0		-1	4080605
4060606	将军的炽焰裤子	5	16	2	1	60		将军的炽焰裤子	1	1000	0	0	1	0	6	60	606	6				6	6	-1		3	7	20	3	0	213	0	0	0	0	0	0		-1	4080606
4060607	将军的炽焰腰带	5	15	2	1	60		将军的炽焰腰带	1	1000	0	0	1	0	6	60	606	6				7	7	-1		1	7	20	3	0	0	2662	0	0	0	0	0		-1	4080607
4060608	将军的炽焰鞋子	5	17	2	1	60		将军的炽焰鞋子	1	1000	0	0	1	0	6	60	606	6				8	8	-1		6	7	20	3	0	0	0	0	315	0	0	0		-1	4080608
4060609	将军的炽焰手套	5	20	2	1	60		将军的炽焰手套	1	1000	0	0	1	0	6	60	606	6				9	9	-1		2	7	20	3	355	0	0	0	0	0	0	0		-1	4080609
4060700	元帅的炽焰头盔	5	13	2	1	60		元帅的炽焰头盔	1	1000	0	0	1	0	7	60	607	7				0	0	-1		1	8	20	3	0	0	8873	0	0	0	0	0		-1	4080700
4060701	元帅的炽焰项链	5	23	2	1	60		元帅的炽焰项链	1	1000	0	0	1	0	7	60	607	7				1	1	-1		4	8	20	3	0	0	0	0	0	0	385	0		-1	4080701
4060702	元帅的炽焰肩甲	5	21	2	1	60		元帅的炽焰肩甲	1	1000	0	0	1	0	7	60	607	7				2	2	-1		5	8	20	3	0	0	0	0	0	0	0	385		-1	4080702
4060703	元帅的炽焰武器	5	24	2	1	60		元帅的炽焰武器	1	1000	0	0	1	0	7	60	607	7				3	3	-1		2	8	20	3	1183	0	0	0	0	0	0	0		-1	4080703
4060704	元帅的炽焰胸甲	5	14	2	1	60		元帅的炽焰胸甲	1	1000	0	0	1	0	7	60	607	7				4	4	-1		3	8	20	3	0	710	0	0	0	0	0	0		-1	4080704
4060705	元帅的炽焰戒指	5	22	2	1	60		元帅的炽焰戒指	1	1000	0	0	1	0	7	60	607	7				5	5	-1		7	8	20	3	0	0	0	0	0	385	0	0		-1	4080705
4060706	元帅的炽焰裤子	5	16	2	1	60		元帅的炽焰裤子	1	1000	0	0	1	0	7	60	607	7				6	6	-1		3	8	20	3	0	304	0	0	0	0	0	0		-1	4080706
4060707	元帅的炽焰腰带	5	15	2	1	60		元帅的炽焰腰带	1	1000	0	0	1	0	7	60	607	7				7	7	-1		1	8	20	3	0	0	3803	0	0	0	0	0		-1	4080707
4060708	元帅的炽焰鞋子	5	17	2	1	60		元帅的炽焰鞋子	1	1000	0	0	1	0	7	60	607	7				8	8	-1		6	8	20	3	0	0	0	0	385	0	0	0		-1	4080708
4060709	元帅的炽焰手套	5	20	2	1	60		元帅的炽焰手套	1	1000	0	0	1	0	7	60	607	7				9	9	-1		2	8	20	3	507	0	0	0	0	0	0	0		-1	4080709
4080300	新兵的飓风头盔	5	13	2	1	80		新兵的飓风头盔	1	1000	0	0	1	0	3	80						0	0	-1		1	5	20	3	0	0	4116	0	0	0	0	0		-1	4100300
4080301	新兵的飓风项链	5	23	2	1	80		新兵的飓风项链	1	1000	0	0	1	0	3	80						1	1	-1		4	5	20	3	0	0	0	0	0	0	200	0		-1	4100301
4080302	新兵的飓风肩甲	5	21	2	1	80		新兵的飓风肩甲	1	1000	0	0	1	0	3	80						2	2	-1		5	5	20	3	0	0	0	0	0	0	0	200		-1	4100302
4080303	新兵的飓风武器	5	24	2	1	80		新兵的飓风武器	1	1000	0	0	1	0	3	80						3	3	-1		2	5	20	3	549	0	0	0	0	0	0	0		-1	4100303
4080304	新兵的飓风胸甲	5	14	2	1	80		新兵的飓风胸甲	1	1000	0	0	1	0	3	80						4	4	-1		3	5	20	3	0	329	0	0	0	0	0	0		-1	4100304
4080305	新兵的飓风戒指	5	22	2	1	80		新兵的飓风戒指	1	1000	0	0	1	0	3	80						5	5	-1		7	5	20	3	0	0	0	0	0	200	0	0		-1	4100305
4080306	新兵的飓风裤子	5	16	2	1	80		新兵的飓风裤子	1	1000	0	0	1	0	3	80						6	6	-1		3	5	20	3	0	141	0	0	0	0	0	0		-1	4100306
4080307	新兵的飓风腰带	5	15	2	1	80		新兵的飓风腰带	1	1000	0	0	1	0	3	80						7	7	-1		1	5	20	3	0	0	1764	0	0	0	0	0		-1	4100307
4080308	新兵的飓风鞋子	5	17	2	1	80		新兵的飓风鞋子	1	1000	0	0	1	0	3	80						8	8	-1		6	5	20	3	0	0	0	0	200	0	0	0		-1	4100308
4080309	新兵的飓风手套	5	20	2	1	80		新兵的飓风手套	1	1000	0	0	1	0	3	80						9	9	-1		2	5	20	3	235	0	0	0	0	0	0	0		-1	4100309
4080400	勇士的飓风头盔	5	13	2	1	80		勇士的飓风头盔	1	1000	0	0	1	0	4	80						0	0	-1		1	6	20	3	0	0	5145	0	0	0	0	0		-1	4100400
4080401	勇士的飓风项链	5	23	2	1	80		勇士的飓风项链	1	1000	0	0	1	0	4	80						1	1	-1		4	6	20	3	0	0	0	0	0	0	200	0		-1	4100401
4080402	勇士的飓风肩甲	5	21	2	1	80		勇士的飓风肩甲	1	1000	0	0	1	0	4	80						2	2	-1		5	6	20	3	0	0	0	0	0	0	0	200		-1	4100402
4080403	勇士的飓风武器	5	24	2	1	80		勇士的飓风武器	1	1000	0	0	1	0	4	80						3	3	-1		2	6	20	3	686	0	0	0	0	0	0	0		-1	4100403
4080404	勇士的飓风胸甲	5	14	2	1	80		勇士的飓风胸甲	1	1000	0	0	1	0	4	80						4	4	-1		3	6	20	3	0	412	0	0	0	0	0	0		-1	4100404
4080405	勇士的飓风戒指	5	22	2	1	80		勇士的飓风戒指	1	1000	0	0	1	0	4	80						5	5	-1		7	6	20	3	0	0	0	0	0	200	0	0		-1	4100405
4080406	勇士的飓风裤子	5	16	2	1	80		勇士的飓风裤子	1	1000	0	0	1	0	4	80						6	6	-1		3	6	20	3	0	176	0	0	0	0	0	0		-1	4100406
4080407	勇士的飓风腰带	5	15	2	1	80		勇士的飓风腰带	1	1000	0	0	1	0	4	80						7	7	-1		1	6	20	3	0	0	2205	0	0	0	0	0		-1	4100407
4080408	勇士的飓风鞋子	5	17	2	1	80		勇士的飓风鞋子	1	1000	0	0	1	0	4	80						8	8	-1		6	6	20	3	0	0	0	0	200	0	0	0		-1	4100408
4080409	勇士的飓风手套	5	20	2	1	80		勇士的飓风手套	1	1000	0	0	1	0	4	80						9	9	-1		2	6	20	3	294	0	0	0	0	0	0	0		-1	4100409
4080500	少校的飓风头盔	5	13	2	1	80		少校的飓风头盔	1	1000	0	0	1	0	5	80	805	5				0	0	-1		1	7	20	3	0	0	6431	0	0	0	0	0		-1	4100500
4080501	少校的飓风项链	5	23	2	1	80		少校的飓风项链	1	1000	0	0	1	0	5	80	805	5				1	1	-1		4	7	20	3	0	0	0	0	0	0	280	0		-1	4100501
4080502	少校的飓风肩甲	5	21	2	1	80		少校的飓风肩甲	1	1000	0	0	1	0	5	80	805	5				2	2	-1		5	7	20	3	0	0	0	0	0	0	0	280		-1	4100502
4080503	少校的飓风武器	5	24	2	1	80		少校的飓风武器	1	1000	0	0	1	0	5	80	805	5				3	3	-1		2	7	20	3	858	0	0	0	0	0	0	0		-1	4100503
4080504	少校的飓风胸甲	5	14	2	1	80		少校的飓风胸甲	1	1000	0	0	1	0	5	80	805	5				4	4	-1		3	7	20	3	0	515	0	0	0	0	0	0		-1	4100504
4080505	少校的飓风戒指	5	22	2	1	80		少校的飓风戒指	1	1000	0	0	1	0	5	80	805	5				5	5	-1		7	7	20	3	0	0	0	0	0	280	0	0		-1	4100505
4080506	少校的飓风裤子	5	16	2	1	80		少校的飓风裤子	1	1000	0	0	1	0	5	80	805	5				6	6	-1		3	7	20	3	0	221	0	0	0	0	0	0		-1	4100506
4080507	少校的飓风腰带	5	15	2	1	80		少校的飓风腰带	1	1000	0	0	1	0	5	80	805	5				7	7	-1		1	7	20	3	0	0	2756	0	0	0	0	0		-1	4100507
4080508	少校的飓风鞋子	5	17	2	1	80		少校的飓风鞋子	1	1000	0	0	1	0	5	80	805	5				8	8	-1		6	7	20	3	0	0	0	0	280	0	0	0		-1	4100508
4080509	少校的飓风手套	5	20	2	1	80		少校的飓风手套	1	1000	0	0	1	0	5	80	805	5				9	9	-1		2	7	20	3	368	0	0	0	0	0	0	0		-1	4100509
4080600	将军的飓风头盔	5	13	2	1	80		将军的飓风头盔	1	1000	0	0	1	0	6	80	806	6				0	0	-1		1	8	20	3	0	0	9004	0	0	0	0	0		-1	4100600
4080601	将军的飓风项链	5	23	2	1	80		将军的飓风项链	1	1000	0	0	1	0	6	80	806	6				1	1	-1		4	8	20	3	0	0	0	0	0	0	360	0		-1	4100601
4080602	将军的飓风肩甲	5	21	2	1	80		将军的飓风肩甲	1	1000	0	0	1	0	6	80	806	6				2	2	-1		5	8	20	3	0	0	0	0	0	0	0	360		-1	4100602
4080603	将军的飓风武器	5	24	2	1	80		将军的飓风武器	1	1000	0	0	1	0	6	80	806	6				3	3	-1		2	8	20	3	1201	0	0	0	0	0	0	0		-1	4100603
4080604	将军的飓风胸甲	5	14	2	1	80		将军的飓风胸甲	1	1000	0	0	1	0	6	80	806	6				4	4	-1		3	8	20	3	0	720	0	0	0	0	0	0		-1	4100604
4080605	将军的飓风戒指	5	22	2	1	80		将军的飓风戒指	1	1000	0	0	1	0	6	80	806	6				5	5	-1		7	8	20	3	0	0	0	0	0	360	0	0		-1	4100605
4080606	将军的飓风裤子	5	16	2	1	80		将军的飓风裤子	1	1000	0	0	1	0	6	80	806	6				6	6	-1		3	8	20	3	0	309	0	0	0	0	0	0		-1	4100606
4080607	将军的飓风腰带	5	15	2	1	80		将军的飓风腰带	1	1000	0	0	1	0	6	80	806	6				7	7	-1		1	8	20	3	0	0	3859	0	0	0	0	0		-1	4100607
4080608	将军的飓风鞋子	5	17	2	1	80		将军的飓风鞋子	1	1000	0	0	1	0	6	80	806	6				8	8	-1		6	8	20	3	0	0	0	0	360	0	0	0		-1	4100608
4080609	将军的飓风手套	5	20	2	1	80		将军的飓风手套	1	1000	0	0	1	0	6	80	806	6				9	9	-1		2	8	20	3	515	0	0	0	0	0	0	0		-1	4100609
4080700	元帅的飓风头盔	5	13	2	1	80		元帅的飓风头盔	1	1000	0	0	1	0	7	80	807	7				0	0	-1		1	9	20	3	0	0	12863	0	0	0	0	0		-1	4100700
4080701	元帅的飓风项链	5	23	2	1	80		元帅的飓风项链	1	1000	0	0	1	0	7	80	807	7				1	1	-1		4	9	20	3	0	0	0	0	0	0	440	0		-1	4100701
4080702	元帅的飓风肩甲	5	21	2	1	80		元帅的飓风肩甲	1	1000	0	0	1	0	7	80	807	7				2	2	-1		5	9	20	3	0	0	0	0	0	0	0	440		-1	4100702
4080703	元帅的飓风武器	5	24	2	1	80		元帅的飓风武器	1	1000	0	0	1	0	7	80	807	7				3	3	-1		2	9	20	3	1715	0	0	0	0	0	0	0		-1	4100703
4080704	元帅的飓风胸甲	5	14	2	1	80		元帅的飓风胸甲	1	1000	0	0	1	0	7	80	807	7				4	4	-1		3	9	20	3	0	1029	0	0	0	0	0	0		-1	4100704
4080705	元帅的飓风戒指	5	22	2	1	80		元帅的飓风戒指	1	1000	0	0	1	0	7	80	807	7				5	5	-1		7	9	20	3	0	0	0	0	0	440	0	0		-1	4100705
4080706	元帅的飓风裤子	5	16	2	1	80		元帅的飓风裤子	1	1000	0	0	1	0	7	80	807	7				6	6	-1		3	9	20	3	0	441	0	0	0	0	0	0		-1	4100706
4080707	元帅的飓风腰带	5	15	2	1	80		元帅的飓风腰带	1	1000	0	0	1	0	7	80	807	7				7	7	-1		1	9	20	3	0	0	5513	0	0	0	0	0		-1	4100707
4080708	元帅的飓风鞋子	5	17	2	1	80		元帅的飓风鞋子	1	1000	0	0	1	0	7	80	807	7				8	8	-1		6	9	20	3	0	0	0	0	440	0	0	0		-1	4100708
4080709	元帅的飓风手套	5	20	2	1	80		元帅的飓风手套	1	1000	0	0	1	0	7	80	807	7				9	9	-1		2	9	20	3	735	0	0	0	0	0	0	0		-1	4100709
4100300	新兵的雷霆头盔	5	13	2	1	100		新兵的雷霆头盔	1	1000	0	0	1	0	3	100						0	0	-1		1	6	20	3	0	0	5410	0	0	0	0	0		-1	4110300
4100301	新兵的雷霆项链	5	23	2	1	100		新兵的雷霆项链	1	1000	0	0	1	0	3	100						1	1	-1		4	6	20	3	0	0	0	0	0	0	225	0		-1	4110301
4100302	新兵的雷霆肩甲	5	21	2	1	100		新兵的雷霆肩甲	1	1000	0	0	1	0	3	100						2	2	-1		5	6	20	3	0	0	0	0	0	0	0	225		-1	4110302
4100303	新兵的雷霆武器	5	24	2	1	100		新兵的雷霆武器	1	1000	0	0	1	0	3	100						3	3	-1		2	6	20	3	721	0	0	0	0	0	0	0		-1	4110303
4100304	新兵的雷霆胸甲	5	14	2	1	100		新兵的雷霆胸甲	1	1000	0	0	1	0	3	100						4	4	-1		3	6	20	3	0	433	0	0	0	0	0	0		-1	4110304
4100305	新兵的雷霆戒指	5	22	2	1	100		新兵的雷霆戒指	1	1000	0	0	1	0	3	100						5	5	-1		7	6	20	3	0	0	0	0	0	225	0	0		-1	4110305
4100306	新兵的雷霆裤子	5	16	2	1	100		新兵的雷霆裤子	1	1000	0	0	1	0	3	100						6	6	-1		3	6	20	3	0	185	0	0	0	0	0	0		-1	4110306
4100307	新兵的雷霆腰带	5	15	2	1	100		新兵的雷霆腰带	1	1000	0	0	1	0	3	100						7	7	-1		1	6	20	3	0	0	2318	0	0	0	0	0		-1	4110307
4100308	新兵的雷霆鞋子	5	17	2	1	100		新兵的雷霆鞋子	1	1000	0	0	1	0	3	100						8	8	-1		6	6	20	3	0	0	0	0	225	0	0	0		-1	4110308
4100309	新兵的雷霆手套	5	20	2	1	100		新兵的雷霆手套	1	1000	0	0	1	0	3	100						9	9	-1		2	6	20	3	309	0	0	0	0	0	0	0		-1	4110309
4100400	勇士的雷霆头盔	5	13	2	1	100		勇士的雷霆头盔	1	1000	0	0	1	0	4	100						0	0	-1		1	7	20	3	0	0	6762	0	0	0	0	0		-1	4110400
4100401	勇士的雷霆项链	5	23	2	1	100		勇士的雷霆项链	1	1000	0	0	1	0	4	100						1	1	-1		4	7	20	3	0	0	0	0	0	0	225	0		-1	4110401
4100402	勇士的雷霆肩甲	5	21	2	1	100		勇士的雷霆肩甲	1	1000	0	0	1	0	4	100						2	2	-1		5	7	20	3	0	0	0	0	0	0	0	225		-1	4110402
4100403	勇士的雷霆武器	5	24	2	1	100		勇士的雷霆武器	1	1000	0	0	1	0	4	100						3	3	-1		2	7	20	3	902	0	0	0	0	0	0	0		-1	4110403
4100404	勇士的雷霆胸甲	5	14	2	1	100		勇士的雷霆胸甲	1	1000	0	0	1	0	4	100						4	4	-1		3	7	20	3	0	541	0	0	0	0	0	0		-1	4110404
4100405	勇士的雷霆戒指	5	22	2	1	100		勇士的雷霆戒指	1	1000	0	0	1	0	4	100						5	5	-1		7	7	20	3	0	0	0	0	0	225	0	0		-1	4110405
4100406	勇士的雷霆裤子	5	16	2	1	100		勇士的雷霆裤子	1	1000	0	0	1	0	4	100						6	6	-1		3	7	20	3	0	232	0	0	0	0	0	0		-1	4110406
4100407	勇士的雷霆腰带	5	15	2	1	100		勇士的雷霆腰带	1	1000	0	0	1	0	4	100						7	7	-1		1	7	20	3	0	0	2898	0	0	0	0	0		-1	4110407
4100408	勇士的雷霆鞋子	5	17	2	1	100		勇士的雷霆鞋子	1	1000	0	0	1	0	4	100						8	8	-1		6	7	20	3	0	0	0	0	225	0	0	0		-1	4110408
4100409	勇士的雷霆手套	5	20	2	1	100		勇士的雷霆手套	1	1000	0	0	1	0	4	100						9	9	-1		2	7	20	3	386	0	0	0	0	0	0	0		-1	4110409
4100500	少校的雷霆头盔	5	13	2	1	100		少校的雷霆头盔	1	1000	0	0	1	0	5	100	1005	5				0	0	-1		1	8	20	3	0	0	8453	0	0	0	0	0		-1	4110500
4100501	少校的雷霆项链	5	23	2	1	100		少校的雷霆项链	1	1000	0	0	1	0	5	100	1005	5				1	1	-1		4	8	20	3	0	0	0	0	0	0	315	0		-1	4110501
4100502	少校的雷霆肩甲	5	21	2	1	100		少校的雷霆肩甲	1	1000	0	0	1	0	5	100	1005	5				2	2	-1		5	8	20	3	0	0	0	0	0	0	0	315		-1	4110502
4100503	少校的雷霆武器	5	24	2	1	100		少校的雷霆武器	1	1000	0	0	1	0	5	100	1005	5				3	3	-1		2	8	20	3	1127	0	0	0	0	0	0	0		-1	4110503
4100504	少校的雷霆胸甲	5	14	2	1	100		少校的雷霆胸甲	1	1000	0	0	1	0	5	100	1005	5				4	4	-1		3	8	20	3	0	676	0	0	0	0	0	0		-1	4110504
4100505	少校的雷霆戒指	5	22	2	1	100		少校的雷霆戒指	1	1000	0	0	1	0	5	100	1005	5				5	5	-1		7	8	20	3	0	0	0	0	0	315	0	0		-1	4110505
4100506	少校的雷霆裤子	5	16	2	1	100		少校的雷霆裤子	1	1000	0	0	1	0	5	100	1005	5				6	6	-1		3	8	20	3	0	290	0	0	0	0	0	0		-1	4110506
4100507	少校的雷霆腰带	5	15	2	1	100		少校的雷霆腰带	1	1000	0	0	1	0	5	100	1005	5				7	7	-1		1	8	20	3	0	0	3623	0	0	0	0	0		-1	4110507
4100508	少校的雷霆鞋子	5	17	2	1	100		少校的雷霆鞋子	1	1000	0	0	1	0	5	100	1005	5				8	8	-1		6	8	20	3	0	0	0	0	315	0	0	0		-1	4110508
4100509	少校的雷霆手套	5	20	2	1	100		少校的雷霆手套	1	1000	0	0	1	0	5	100	1005	5				9	9	-1		2	8	20	3	483	0	0	0	0	0	0	0		-1	4110509
4100600	将军的雷霆头盔	5	13	2	1	100		将军的雷霆头盔	1	1000	0	0	1	0	6	100	1006	6				0	0	-1		1	9	20	3	0	0	11834	0	0	0	0	0		-1	4110600
4100601	将军的雷霆项链	5	23	2	1	100		将军的雷霆项链	1	1000	0	0	1	0	6	100	1006	6				1	1	-1		4	9	20	3	0	0	0	0	0	0	405	0		-1	4110601
4100602	将军的雷霆肩甲	5	21	2	1	100		将军的雷霆肩甲	1	1000	0	0	1	0	6	100	1006	6				2	2	-1		5	9	20	3	0	0	0	0	0	0	0	405		-1	4110602
4100603	将军的雷霆武器	5	24	2	1	100		将军的雷霆武器	1	1000	0	0	1	0	6	100	1006	6				3	3	-1		2	9	20	3	1578	0	0	0	0	0	0	0		-1	4110603
4100604	将军的雷霆胸甲	5	14	2	1	100		将军的雷霆胸甲	1	1000	0	0	1	0	6	100	1006	6				4	4	-1		3	9	20	3	0	947	0	0	0	0	0	0		-1	4110604
4100605	将军的雷霆戒指	5	22	2	1	100		将军的雷霆戒指	1	1000	0	0	1	0	6	100	1006	6				5	5	-1		7	9	20	3	0	0	0	0	0	405	0	0		-1	4110605
4100606	将军的雷霆裤子	5	16	2	1	100		将军的雷霆裤子	1	1000	0	0	1	0	6	100	1006	6				6	6	-1		3	9	20	3	0	406	0	0	0	0	0	0		-1	4110606
4100607	将军的雷霆腰带	5	15	2	1	100		将军的雷霆腰带	1	1000	0	0	1	0	6	100	1006	6				7	7	-1		1	9	20	3	0	0	5072	0	0	0	0	0		-1	4110607
4100608	将军的雷霆鞋子	5	17	2	1	100		将军的雷霆鞋子	1	1000	0	0	1	0	6	100	1006	6				8	8	-1		6	9	20	3	0	0	0	0	405	0	0	0		-1	4110608
4100609	将军的雷霆手套	5	20	2	1	100		将军的雷霆手套	1	1000	0	0	1	0	6	100	1006	6				9	9	-1		2	9	20	3	676	0	0	0	0	0	0	0		-1	4110609
4100700	元帅的雷霆头盔	5	13	2	1	100		元帅的雷霆头盔	1	1000	0	0	1	0	7	100	1007	7				0	0	-1		1	10	20	3	0	0	16905	0	0	0	0	0		-1	4110700
4100701	元帅的雷霆项链	5	23	2	1	100		元帅的雷霆项链	1	1000	0	0	1	0	7	100	1007	7				1	1	-1		4	10	20	3	0	0	0	0	0	0	495	0		-1	4110701
4100702	元帅的雷霆肩甲	5	21	2	1	100		元帅的雷霆肩甲	1	1000	0	0	1	0	7	100	1007	7				2	2	-1		5	10	20	3	0	0	0	0	0	0	0	495		-1	4110702
4100703	元帅的雷霆武器	5	24	2	1	100		元帅的雷霆武器	1	1000	0	0	1	0	7	100	1007	7				3	3	-1		2	10	20	3	2254	0	0	0	0	0	0	0		-1	4110703
4100704	元帅的雷霆胸甲	5	14	2	1	100		元帅的雷霆胸甲	1	1000	0	0	1	0	7	100	1007	7				4	4	-1		3	10	20	3	0	1352	0	0	0	0	0	0		-1	4110704
4100705	元帅的雷霆戒指	5	22	2	1	100		元帅的雷霆戒指	1	1000	0	0	1	0	7	100	1007	7				5	5	-1		7	10	20	3	0	0	0	0	0	495	0	0		-1	4110705
4100706	元帅的雷霆裤子	5	16	2	1	100		元帅的雷霆裤子	1	1000	0	0	1	0	7	100	1007	7				6	6	-1		3	10	20	3	0	580	0	0	0	0	0	0		-1	4110706
4100707	元帅的雷霆腰带	5	15	2	1	100		元帅的雷霆腰带	1	1000	0	0	1	0	7	100	1007	7				7	7	-1		1	10	20	3	0	0	7245	0	0	0	0	0		-1	4110707
4100708	元帅的雷霆鞋子	5	17	2	1	100		元帅的雷霆鞋子	1	1000	0	0	1	0	7	100	1007	7				8	8	-1		6	10	20	3	0	0	0	0	495	0	0	0		-1	4110708
4100709	元帅的雷霆手套	5	20	2	1	100		元帅的雷霆手套	1	1000	0	0	1	0	7	100	1007	7				9	9	-1		2	10	20	3	966	0	0	0	0	0	0	0		-1	4110709
4110300	新兵的屠戮头盔	5	13	2	1	110		新兵的屠戮头盔	1	1000	0	0	1	0	3	110						0	0	-1		1	7	20	3	0	0	6451	0	0	0	0	0		-1	4120300
4110301	新兵的屠戮项链	5	23	2	1	110		新兵的屠戮项链	1	1000	0	0	1	0	3	110						1	1	-1		4	7	20	3	0	0	0	0	0	0	250	0		-1	4120301
4110302	新兵的屠戮肩甲	5	21	2	1	110		新兵的屠戮肩甲	1	1000	0	0	1	0	3	110						2	2	-1		5	7	20	3	0	0	0	0	0	0	0	250		-1	4120302
4110303	新兵的屠戮武器	5	24	2	1	110		新兵的屠戮武器	1	1000	0	0	1	0	3	110						3	3	-1		2	7	20	3	860	0	0	0	0	0	0	0		-1	4120303
4110304	新兵的屠戮胸甲	5	14	2	1	110		新兵的屠戮胸甲	1	1000	0	0	1	0	3	110						4	4	-1		3	7	20	3	0	516	0	0	0	0	0	0		-1	4120304
4110305	新兵的屠戮戒指	5	22	2	1	110		新兵的屠戮戒指	1	1000	0	0	1	0	3	110						5	5	-1		7	7	20	3	0	0	0	0	0	250	0	0		-1	4120305
4110306	新兵的屠戮裤子	5	16	2	1	110		新兵的屠戮裤子	1	1000	0	0	1	0	3	110						6	6	-1		3	7	20	3	0	221	0	0	0	0	0	0		-1	4120306
4110307	新兵的屠戮腰带	5	15	2	1	110		新兵的屠戮腰带	1	1000	0	0	1	0	3	110						7	7	-1		1	7	20	3	0	0	2765	0	0	0	0	0		-1	4120307
4110308	新兵的屠戮鞋子	5	17	2	1	110		新兵的屠戮鞋子	1	1000	0	0	1	0	3	110						8	8	-1		6	7	20	3	0	0	0	0	250	0	0	0		-1	4120308
4110309	新兵的屠戮手套	5	20	2	1	110		新兵的屠戮手套	1	1000	0	0	1	0	3	110						9	9	-1		2	7	20	3	369	0	0	0	0	0	0	0		-1	4120309
4110400	勇士的屠戮头盔	5	13	2	1	110		勇士的屠戮头盔	1	1000	0	0	1	0	4	110						0	0	-1		1	8	20	3	0	0	8064	0	0	0	0	0		-1	4120400
4110401	勇士的屠戮项链	5	23	2	1	110		勇士的屠戮项链	1	1000	0	0	1	0	4	110						1	1	-1		4	8	20	3	0	0	0	0	0	0	250	0		-1	4120401
4110402	勇士的屠戮肩甲	5	21	2	1	110		勇士的屠戮肩甲	1	1000	0	0	1	0	4	110						2	2	-1		5	8	20	3	0	0	0	0	0	0	0	250		-1	4120402
4110403	勇士的屠戮武器	5	24	2	1	110		勇士的屠戮武器	1	1000	0	0	1	0	4	110						3	3	-1		2	8	20	3	1075	0	0	0	0	0	0	0		-1	4120403
4110404	勇士的屠戮胸甲	5	14	2	1	110		勇士的屠戮胸甲	1	1000	0	0	1	0	4	110						4	4	-1		3	8	20	3	0	645	0	0	0	0	0	0		-1	4120404
4110405	勇士的屠戮戒指	5	22	2	1	110		勇士的屠戮戒指	1	1000	0	0	1	0	4	110						5	5	-1		7	8	20	3	0	0	0	0	0	250	0	0		-1	4120405
4110406	勇士的屠戮裤子	5	16	2	1	110		勇士的屠戮裤子	1	1000	0	0	1	0	4	110						6	6	-1		3	8	20	3	0	276	0	0	0	0	0	0		-1	4120406
4110407	勇士的屠戮腰带	5	15	2	1	110		勇士的屠戮腰带	1	1000	0	0	1	0	4	110						7	7	-1		1	8	20	3	0	0	3456	0	0	0	0	0		-1	4120407
4110408	勇士的屠戮鞋子	5	17	2	1	110		勇士的屠戮鞋子	1	1000	0	0	1	0	4	110						8	8	-1		6	8	20	3	0	0	0	0	250	0	0	0		-1	4120408
4110409	勇士的屠戮手套	5	20	2	1	110		勇士的屠戮手套	1	1000	0	0	1	0	4	110						9	9	-1		2	8	20	3	461	0	0	0	0	0	0	0		-1	4120409
4110500	少校的屠戮头盔	5	13	2	1	110		少校的屠戮头盔	1	1000	0	0	1	0	5	110	1105	5				0	0	-1		1	9	20	3	0	0	10080	0	0	0	0	0		-1	4120500
4110501	少校的屠戮项链	5	23	2	1	110		少校的屠戮项链	1	1000	0	0	1	0	5	110	1105	5				1	1	-1		4	9	20	3	0	0	0	0	0	0	350	0		-1	4120501
4110502	少校的屠戮肩甲	5	21	2	1	110		少校的屠戮肩甲	1	1000	0	0	1	0	5	110	1105	5				2	2	-1		5	9	20	3	0	0	0	0	0	0	0	350		-1	4120502
4110503	少校的屠戮武器	5	24	2	1	110		少校的屠戮武器	1	1000	0	0	1	0	5	110	1105	5				3	3	-1		2	9	20	3	1344	0	0	0	0	0	0	0		-1	4120503
4110504	少校的屠戮胸甲	5	14	2	1	110		少校的屠戮胸甲	1	1000	0	0	1	0	5	110	1105	5				4	4	-1		3	9	20	3	0	806	0	0	0	0	0	0		-1	4120504
4110505	少校的屠戮戒指	5	22	2	1	110		少校的屠戮戒指	1	1000	0	0	1	0	5	110	1105	5				5	5	-1		7	9	20	3	0	0	0	0	0	350	0	0		-1	4120505
4110506	少校的屠戮裤子	5	16	2	1	110		少校的屠戮裤子	1	1000	0	0	1	0	5	110	1105	5				6	6	-1		3	9	20	3	0	346	0	0	0	0	0	0		-1	4120506
4110507	少校的屠戮腰带	5	15	2	1	110		少校的屠戮腰带	1	1000	0	0	1	0	5	110	1105	5				7	7	-1		1	9	20	3	0	0	4320	0	0	0	0	0		-1	4120507
4110508	少校的屠戮鞋子	5	17	2	1	110		少校的屠戮鞋子	1	1000	0	0	1	0	5	110	1105	5				8	8	-1		6	9	20	3	0	0	0	0	350	0	0	0		-1	4120508
4110509	少校的屠戮手套	5	20	2	1	110		少校的屠戮手套	1	1000	0	0	1	0	5	110	1105	5				9	9	-1		2	9	20	3	576	0	0	0	0	0	0	0		-1	4120509
4110600	将军的屠戮头盔	5	13	2	1	110		将军的屠戮头盔	1	1000	0	0	1	0	6	110	1106	6				0	0	-1		1	10	20	3	0	0	14112	0	0	0	0	0		-1	4120600
4110601	将军的屠戮项链	5	23	2	1	110		将军的屠戮项链	1	1000	0	0	1	0	6	110	1106	6				1	1	-1		4	10	20	3	0	0	0	0	0	0	450	0		-1	4120601
4110602	将军的屠戮肩甲	5	21	2	1	110		将军的屠戮肩甲	1	1000	0	0	1	0	6	110	1106	6				2	2	-1		5	10	20	3	0	0	0	0	0	0	0	450		-1	4120602
4110603	将军的屠戮武器	5	24	2	1	110		将军的屠戮武器	1	1000	0	0	1	0	6	110	1106	6				3	3	-1		2	10	20	3	1882	0	0	0	0	0	0	0		-1	4120603
4110604	将军的屠戮胸甲	5	14	2	1	110		将军的屠戮胸甲	1	1000	0	0	1	0	6	110	1106	6				4	4	-1		3	10	20	3	0	1129	0	0	0	0	0	0		-1	4120604
4110605	将军的屠戮戒指	5	22	2	1	110		将军的屠戮戒指	1	1000	0	0	1	0	6	110	1106	6				5	5	-1		7	10	20	3	0	0	0	0	0	450	0	0		-1	4120605
4110606	将军的屠戮裤子	5	16	2	1	110		将军的屠戮裤子	1	1000	0	0	1	0	6	110	1106	6				6	6	-1		3	10	20	3	0	484	0	0	0	0	0	0		-1	4120606
4110607	将军的屠戮腰带	5	15	2	1	110		将军的屠戮腰带	1	1000	0	0	1	0	6	110	1106	6				7	7	-1		1	10	20	3	0	0	6048	0	0	0	0	0		-1	4120607
4110608	将军的屠戮鞋子	5	17	2	1	110		将军的屠戮鞋子	1	1000	0	0	1	0	6	110	1106	6				8	8	-1		6	10	20	3	0	0	0	0	450	0	0	0		-1	4120608
4110609	将军的屠戮手套	5	20	2	1	110		将军的屠戮手套	1	1000	0	0	1	0	6	110	1106	6				9	9	-1		2	10	20	3	806	0	0	0	0	0	0	0		-1	4120609
4110700	元帅的屠戮头盔	5	13	2	1	110		元帅的屠戮头盔	1	1000	0	0	1	0	7	110	1107	7				0	0	-1		1	11	20	3	0	0	20160	0	0	0	0	0		-1	4120700
4110701	元帅的屠戮项链	5	23	2	1	110		元帅的屠戮项链	1	1000	0	0	1	0	7	110	1107	7				1	1	-1		4	11	20	3	0	0	0	0	0	0	550	0		-1	4120701
4110702	元帅的屠戮肩甲	5	21	2	1	110		元帅的屠戮肩甲	1	1000	0	0	1	0	7	110	1107	7				2	2	-1		5	11	20	3	0	0	0	0	0	0	0	550		-1	4120702
4110703	元帅的屠戮武器	5	24	2	1	110		元帅的屠戮武器	1	1000	0	0	1	0	7	110	1107	7				3	3	-1		2	11	20	3	2688	0	0	0	0	0	0	0		-1	4120703
4110704	元帅的屠戮胸甲	5	14	2	1	110		元帅的屠戮胸甲	1	1000	0	0	1	0	7	110	1107	7				4	4	-1		3	11	20	3	0	1613	0	0	0	0	0	0		-1	4120704
4110705	元帅的屠戮戒指	5	22	2	1	110		元帅的屠戮戒指	1	1000	0	0	1	0	7	110	1107	7				5	5	-1		7	11	20	3	0	0	0	0	0	550	0	0		-1	4120705
4110706	元帅的屠戮裤子	5	16	2	1	110		元帅的屠戮裤子	1	1000	0	0	1	0	7	110	1107	7				6	6	-1		3	11	20	3	0	691	0	0	0	0	0	0		-1	4120706
4110707	元帅的屠戮腰带	5	15	2	1	110		元帅的屠戮腰带	1	1000	0	0	1	0	7	110	1107	7				7	7	-1		1	11	20	3	0	0	8640	0	0	0	0	0		-1	4120707
4110708	元帅的屠戮鞋子	5	17	2	1	110		元帅的屠戮鞋子	1	1000	0	0	1	0	7	110	1107	7				8	8	-1		6	11	20	3	0	0	0	0	550	0	0	0		-1	4120708
4110709	元帅的屠戮手套	5	20	2	1	110		元帅的屠戮手套	1	1000	0	0	1	0	7	110	1107	7				9	9	-1		2	11	20	3	1152	0	0	0	0	0	0	0		-1	4120709
4120300	新兵的巨龙头盔	5	13	2	1	120		新兵的巨龙头盔	1	1000	0	0	1	0	3	120						0	0	-1		1	8	20	3	0	0	7627	0	0	0	0	0		-1	4130300
4120301	新兵的巨龙项链	5	23	2	1	120		新兵的巨龙项链	1	1000	0	0	1	0	3	120						1	1	-1		4	8	20	3	0	0	0	0	0	0	275	0		-1	4130301
4120302	新兵的巨龙肩甲	5	21	2	1	120		新兵的巨龙肩甲	1	1000	0	0	1	0	3	120						2	2	-1		5	8	20	3	0	0	0	0	0	0	0	275		-1	4130302
4120303	新兵的巨龙武器	5	24	2	1	120		新兵的巨龙武器	1	1000	0	0	1	0	3	120						3	3	-1		2	8	20	3	1017	0	0	0	0	0	0	0		-1	4130303
4120304	新兵的巨龙胸甲	5	14	2	1	120		新兵的巨龙胸甲	1	1000	0	0	1	0	3	120						4	4	-1		3	8	20	3	0	610	0	0	0	0	0	0		-1	4130304
4120305	新兵的巨龙戒指	5	22	2	1	120		新兵的巨龙戒指	1	1000	0	0	1	0	3	120						5	5	-1		7	8	20	3	0	0	0	0	0	275	0	0		-1	4130305
4120306	新兵的巨龙裤子	5	16	2	1	120		新兵的巨龙裤子	1	1000	0	0	1	0	3	120						6	6	-1		3	8	20	3	0	262	0	0	0	0	0	0		-1	4130306
4120307	新兵的巨龙腰带	5	15	2	1	120		新兵的巨龙腰带	1	1000	0	0	1	0	3	120						7	7	-1		1	8	20	3	0	0	3269	0	0	0	0	0		-1	4130307
4120308	新兵的巨龙鞋子	5	17	2	1	120		新兵的巨龙鞋子	1	1000	0	0	1	0	3	120						8	8	-1		6	8	20	3	0	0	0	0	275	0	0	0		-1	4130308
4120309	新兵的巨龙手套	5	20	2	1	120		新兵的巨龙手套	1	1000	0	0	1	0	3	120						9	9	-1		2	8	20	3	436	0	0	0	0	0	0	0		-1	4130309
4120400	勇士的巨龙头盔	5	13	2	1	120		勇士的巨龙头盔	1	1000	0	0	1	0	4	120						0	0	-1		1	9	20	3	0	0	9534	0	0	0	0	0		-1	4130400
4120401	勇士的巨龙项链	5	23	2	1	120		勇士的巨龙项链	1	1000	0	0	1	0	4	120						1	1	-1		4	9	20	3	0	0	0	0	0	0	275	0		-1	4130401
4120402	勇士的巨龙肩甲	5	21	2	1	120		勇士的巨龙肩甲	1	1000	0	0	1	0	4	120						2	2	-1		5	9	20	3	0	0	0	0	0	0	0	275		-1	4130402
4120403	勇士的巨龙武器	5	24	2	1	120		勇士的巨龙武器	1	1000	0	0	1	0	4	120						3	3	-1		2	9	20	3	1271	0	0	0	0	0	0	0		-1	4130403
4120404	勇士的巨龙胸甲	5	14	2	1	120		勇士的巨龙胸甲	1	1000	0	0	1	0	4	120						4	4	-1		3	9	20	3	0	763	0	0	0	0	0	0		-1	4130404
4120405	勇士的巨龙戒指	5	22	2	1	120		勇士的巨龙戒指	1	1000	0	0	1	0	4	120						5	5	-1		7	9	20	3	0	0	0	0	0	275	0	0		-1	4130405
4120406	勇士的巨龙裤子	5	16	2	1	120		勇士的巨龙裤子	1	1000	0	0	1	0	4	120						6	6	-1		3	9	20	3	0	327	0	0	0	0	0	0		-1	4130406
4120407	勇士的巨龙腰带	5	15	2	1	120		勇士的巨龙腰带	1	1000	0	0	1	0	4	120						7	7	-1		1	9	20	3	0	0	4086	0	0	0	0	0		-1	4130407
4120408	勇士的巨龙鞋子	5	17	2	1	120		勇士的巨龙鞋子	1	1000	0	0	1	0	4	120						8	8	-1		6	9	20	3	0	0	0	0	275	0	0	0		-1	4130408
4120409	勇士的巨龙手套	5	20	2	1	120		勇士的巨龙手套	1	1000	0	0	1	0	4	120						9	9	-1		2	9	20	3	545	0	0	0	0	0	0	0		-1	4130409
4120500	少校的巨龙头盔	5	13	2	1	120		少校的巨龙头盔	1	1000	0	0	1	0	5	120	1205	5				0	0	-1		1	10	20	3	0	0	11918	0	0	0	0	0		-1	4130500
4120501	少校的巨龙项链	5	23	2	1	120		少校的巨龙项链	1	1000	0	0	1	0	5	120	1205	5				1	1	-1		4	10	20	3	0	0	0	0	0	0	385	0		-1	4130501
4120502	少校的巨龙肩甲	5	21	2	1	120		少校的巨龙肩甲	1	1000	0	0	1	0	5	120	1205	5				2	2	-1		5	10	20	3	0	0	0	0	0	0	0	385		-1	4130502
4120503	少校的巨龙武器	5	24	2	1	120		少校的巨龙武器	1	1000	0	0	1	0	5	120	1205	5				3	3	-1		2	10	20	3	1589	0	0	0	0	0	0	0		-1	4130503
4120504	少校的巨龙胸甲	5	14	2	1	120		少校的巨龙胸甲	1	1000	0	0	1	0	5	120	1205	5				4	4	-1		3	10	20	3	0	953	0	0	0	0	0	0		-1	4130504
4120505	少校的巨龙戒指	5	22	2	1	120		少校的巨龙戒指	1	1000	0	0	1	0	5	120	1205	5				5	5	-1		7	10	20	3	0	0	0	0	0	385	0	0		-1	4130505
4120506	少校的巨龙裤子	5	16	2	1	120		少校的巨龙裤子	1	1000	0	0	1	0	5	120	1205	5				6	6	-1		3	10	20	3	0	409	0	0	0	0	0	0		-1	4130506
4120507	少校的巨龙腰带	5	15	2	1	120		少校的巨龙腰带	1	1000	0	0	1	0	5	120	1205	5				7	7	-1		1	10	20	3	0	0	5108	0	0	0	0	0		-1	4130507
4120508	少校的巨龙鞋子	5	17	2	1	120		少校的巨龙鞋子	1	1000	0	0	1	0	5	120	1205	5				8	8	-1		6	10	20	3	0	0	0	0	385	0	0	0		-1	4130508
4120509	少校的巨龙手套	5	20	2	1	120		少校的巨龙手套	1	1000	0	0	1	0	5	120	1205	5				9	9	-1		2	10	20	3	681	0	0	0	0	0	0	0		-1	4130509
4120600	将军的巨龙头盔	5	13	2	1	120		将军的巨龙头盔	1	1000	0	0	1	0	6	120	1206	6				0	0	-1		1	11	20	3	0	0	16685	0	0	0	0	0		-1	4130600
4120601	将军的巨龙项链	5	23	2	1	120		将军的巨龙项链	1	1000	0	0	1	0	6	120	1206	6				1	1	-1		4	11	20	3	0	0	0	0	0	0	495	0		-1	4130601
4120602	将军的巨龙肩甲	5	21	2	1	120		将军的巨龙肩甲	1	1000	0	0	1	0	6	120	1206	6				2	2	-1		5	11	20	3	0	0	0	0	0	0	0	495		-1	4130602
4120603	将军的巨龙武器	5	24	2	1	120		将军的巨龙武器	1	1000	0	0	1	0	6	120	1206	6				3	3	-1		2	11	20	3	2225	0	0	0	0	0	0	0		-1	4130603
4120604	将军的巨龙胸甲	5	14	2	1	120		将军的巨龙胸甲	1	1000	0	0	1	0	6	120	1206	6				4	4	-1		3	11	20	3	0	1335	0	0	0	0	0	0		-1	4130604
4120605	将军的巨龙戒指	5	22	2	1	120		将军的巨龙戒指	1	1000	0	0	1	0	6	120	1206	6				5	5	-1		7	11	20	3	0	0	0	0	0	495	0	0		-1	4130605
4120606	将军的巨龙裤子	5	16	2	1	120		将军的巨龙裤子	1	1000	0	0	1	0	6	120	1206	6				6	6	-1		3	11	20	3	0	572	0	0	0	0	0	0		-1	4130606
4120607	将军的巨龙腰带	5	15	2	1	120		将军的巨龙腰带	1	1000	0	0	1	0	6	120	1206	6				7	7	-1		1	11	20	3	0	0	7151	0	0	0	0	0		-1	4130607
4120608	将军的巨龙鞋子	5	17	2	1	120		将军的巨龙鞋子	1	1000	0	0	1	0	6	120	1206	6				8	8	-1		6	11	20	3	0	0	0	0	495	0	0	0		-1	4130608
4120609	将军的巨龙手套	5	20	2	1	120		将军的巨龙手套	1	1000	0	0	1	0	6	120	1206	6				9	9	-1		2	11	20	3	953	0	0	0	0	0	0	0		-1	4130609
4120700	元帅的巨龙头盔	5	13	2	1	120		元帅的巨龙头盔	1	1000	0	0	1	0	7	120	1207	7				0	0	-1		1	12	20	3	0	0	23835	0	0	0	0	0		-1	4130700
4120701	元帅的巨龙项链	5	23	2	1	120		元帅的巨龙项链	1	1000	0	0	1	0	7	120	1207	7				1	1	-1		4	12	20	3	0	0	0	0	0	0	605	0		-1	4130701
4120702	元帅的巨龙肩甲	5	21	2	1	120		元帅的巨龙肩甲	1	1000	0	0	1	0	7	120	1207	7				2	2	-1		5	12	20	3	0	0	0	0	0	0	0	605		-1	4130702
4120703	元帅的巨龙武器	5	24	2	1	120		元帅的巨龙武器	1	1000	0	0	1	0	7	120	1207	7				3	3	-1		2	12	20	3	3178	0	0	0	0	0	0	0		-1	4130703
4120704	元帅的巨龙胸甲	5	14	2	1	120		元帅的巨龙胸甲	1	1000	0	0	1	0	7	120	1207	7				4	4	-1		3	12	20	3	0	1907	0	0	0	0	0	0		-1	4130704
4120705	元帅的巨龙戒指	5	22	2	1	120		元帅的巨龙戒指	1	1000	0	0	1	0	7	120	1207	7				5	5	-1		7	12	20	3	0	0	0	0	0	605	0	0		-1	4130705
4120706	元帅的巨龙裤子	5	16	2	1	120		元帅的巨龙裤子	1	1000	0	0	1	0	7	120	1207	7				6	6	-1		3	12	20	3	0	817	0	0	0	0	0	0		-1	4130706
4120707	元帅的巨龙腰带	5	15	2	1	120		元帅的巨龙腰带	1	1000	0	0	1	0	7	120	1207	7				7	7	-1		1	12	20	3	0	0	10215	0	0	0	0	0		-1	4130707
4120708	元帅的巨龙鞋子	5	17	2	1	120		元帅的巨龙鞋子	1	1000	0	0	1	0	7	120	1207	7				8	8	-1		6	12	20	3	0	0	0	0	605	0	0	0		-1	4130708
4120709	元帅的巨龙手套	5	20	2	1	120		元帅的巨龙手套	1	1000	0	0	1	0	7	120	1207	7				9	9	-1		2	12	20	3	1362	0	0	0	0	0	0	0		-1	4130709
4130300	新兵的噬魂头盔	5	13	2	1	130		新兵的噬魂头盔	1	1000	0	0	1	0	3	130						0	0	-1		1	8	20	3	0	0	8938	0	0	0	0	0		-1	4140300
4130301	新兵的噬魂项链	5	23	2	1	130		新兵的噬魂项链	1	1000	0	0	1	0	3	130						1	1	-1		4	8	20	3	0	0	0	0	0	0	300	0		-1	4140301
4130302	新兵的噬魂肩甲	5	21	2	1	130		新兵的噬魂肩甲	1	1000	0	0	1	0	3	130						2	2	-1		5	8	20	3	0	0	0	0	0	0	0	300		-1	4140302
4130303	新兵的噬魂武器	5	24	2	1	130		新兵的噬魂武器	1	1000	0	0	1	0	3	130						3	3	-1		2	8	20	3	1192	0	0	0	0	0	0	0		-1	4140303
4130304	新兵的噬魂胸甲	5	14	2	1	130		新兵的噬魂胸甲	1	1000	0	0	1	0	3	130						4	4	-1		3	8	20	3	0	715	0	0	0	0	0	0		-1	4140304
4130305	新兵的噬魂戒指	5	22	2	1	130		新兵的噬魂戒指	1	1000	0	0	1	0	3	130						5	5	-1		7	8	20	3	0	0	0	0	0	300	0	0		-1	4140305
4130306	新兵的噬魂裤子	5	16	2	1	130		新兵的噬魂裤子	1	1000	0	0	1	0	3	130						6	6	-1		3	8	20	3	0	306	0	0	0	0	0	0		-1	4140306
4130307	新兵的噬魂腰带	5	15	2	1	130		新兵的噬魂腰带	1	1000	0	0	1	0	3	130						7	7	-1		1	8	20	3	0	0	3830	0	0	0	0	0		-1	4140307
4130308	新兵的噬魂鞋子	5	17	2	1	130		新兵的噬魂鞋子	1	1000	0	0	1	0	3	130						8	8	-1		6	8	20	3	0	0	0	0	300	0	0	0		-1	4140308
4130309	新兵的噬魂手套	5	20	2	1	130		新兵的噬魂手套	1	1000	0	0	1	0	3	130						9	9	-1		2	8	20	3	511	0	0	0	0	0	0	0		-1	4140309
4130400	勇士的噬魂头盔	5	13	2	1	130		勇士的噬魂头盔	1	1000	0	0	1	0	4	130						0	0	-1		1	9	20	3	0	0	11172	0	0	0	0	0		-1	4140400
4130401	勇士的噬魂项链	5	23	2	1	130		勇士的噬魂项链	1	1000	0	0	1	0	4	130						1	1	-1		4	9	20	3	0	0	0	0	0	0	300	0		-1	4140401
4130402	勇士的噬魂肩甲	5	21	2	1	130		勇士的噬魂肩甲	1	1000	0	0	1	0	4	130						2	2	-1		5	9	20	3	0	0	0	0	0	0	0	300		-1	4140402
4130403	勇士的噬魂武器	5	24	2	1	130		勇士的噬魂武器	1	1000	0	0	1	0	4	130						3	3	-1		2	9	20	3	1490	0	0	0	0	0	0	0		-1	4140403
4130404	勇士的噬魂胸甲	5	14	2	1	130		勇士的噬魂胸甲	1	1000	0	0	1	0	4	130						4	4	-1		3	9	20	3	0	894	0	0	0	0	0	0		-1	4140404
4130405	勇士的噬魂戒指	5	22	2	1	130		勇士的噬魂戒指	1	1000	0	0	1	0	4	130						5	5	-1		7	9	20	3	0	0	0	0	0	300	0	0		-1	4140405
4130406	勇士的噬魂裤子	5	16	2	1	130		勇士的噬魂裤子	1	1000	0	0	1	0	4	130						6	6	-1		3	9	20	3	0	383	0	0	0	0	0	0		-1	4140406
4130407	勇士的噬魂腰带	5	15	2	1	130		勇士的噬魂腰带	1	1000	0	0	1	0	4	130						7	7	-1		1	9	20	3	0	0	4788	0	0	0	0	0		-1	4140407
4130408	勇士的噬魂鞋子	5	17	2	1	130		勇士的噬魂鞋子	1	1000	0	0	1	0	4	130						8	8	-1		6	9	20	3	0	0	0	0	300	0	0	0		-1	4140408
4130409	勇士的噬魂手套	5	20	2	1	130		勇士的噬魂手套	1	1000	0	0	1	0	4	130						9	9	-1		2	9	20	3	638	0	0	0	0	0	0	0		-1	4140409
4130500	少校的噬魂头盔	5	13	2	1	130		少校的噬魂头盔	1	1000	0	0	1	0	5	130	1305	5				0	0	-1		1	10	20	3	0	0	13965	0	0	0	0	0		-1	4140500
4130501	少校的噬魂项链	5	23	2	1	130		少校的噬魂项链	1	1000	0	0	1	0	5	130	1305	5				1	1	-1		4	10	20	3	0	0	0	0	0	0	420	0		-1	4140501
4130502	少校的噬魂肩甲	5	21	2	1	130		少校的噬魂肩甲	1	1000	0	0	1	0	5	130	1305	5				2	2	-1		5	10	20	3	0	0	0	0	0	0	0	420		-1	4140502
4130503	少校的噬魂武器	5	24	2	1	130		少校的噬魂武器	1	1000	0	0	1	0	5	130	1305	5				3	3	-1		2	10	20	3	1862	0	0	0	0	0	0	0		-1	4140503
4130504	少校的噬魂胸甲	5	14	2	1	130		少校的噬魂胸甲	1	1000	0	0	1	0	5	130	1305	5				4	4	-1		3	10	20	3	0	1117	0	0	0	0	0	0		-1	4140504
4130505	少校的噬魂戒指	5	22	2	1	130		少校的噬魂戒指	1	1000	0	0	1	0	5	130	1305	5				5	5	-1		7	10	20	3	0	0	0	0	0	420	0	0		-1	4140505
4130506	少校的噬魂裤子	5	16	2	1	130		少校的噬魂裤子	1	1000	0	0	1	0	5	130	1305	5				6	6	-1		3	10	20	3	0	479	0	0	0	0	0	0		-1	4140506
4130507	少校的噬魂腰带	5	15	2	1	130		少校的噬魂腰带	1	1000	0	0	1	0	5	130	1305	5				7	7	-1		1	10	20	3	0	0	5985	0	0	0	0	0		-1	4140507
4130508	少校的噬魂鞋子	5	17	2	1	130		少校的噬魂鞋子	1	1000	0	0	1	0	5	130	1305	5				8	8	-1		6	10	20	3	0	0	0	0	420	0	0	0		-1	4140508
4130509	少校的噬魂手套	5	20	2	1	130		少校的噬魂手套	1	1000	0	0	1	0	5	130	1305	5				9	9	-1		2	10	20	3	798	0	0	0	0	0	0	0		-1	4140509
4130600	将军的噬魂头盔	5	13	2	1	130		将军的噬魂头盔	1	1000	0	0	1	0	6	130	1306	6				0	0	-1		1	11	20	3	0	0	19551	0	0	0	0	0		-1	4140600
4130601	将军的噬魂项链	5	23	2	1	130		将军的噬魂项链	1	1000	0	0	1	0	6	130	1306	6				1	1	-1		4	11	20	3	0	0	0	0	0	0	540	0		-1	4140601
4130602	将军的噬魂肩甲	5	21	2	1	130		将军的噬魂肩甲	1	1000	0	0	1	0	6	130	1306	6				2	2	-1		5	11	20	3	0	0	0	0	0	0	0	540		-1	4140602
4130603	将军的噬魂武器	5	24	2	1	130		将军的噬魂武器	1	1000	0	0	1	0	6	130	1306	6				3	3	-1		2	11	20	3	2607	0	0	0	0	0	0	0		-1	4140603
4130604	将军的噬魂胸甲	5	14	2	1	130		将军的噬魂胸甲	1	1000	0	0	1	0	6	130	1306	6				4	4	-1		3	11	20	3	0	1564	0	0	0	0	0	0		-1	4140604
4130605	将军的噬魂戒指	5	22	2	1	130		将军的噬魂戒指	1	1000	0	0	1	0	6	130	1306	6				5	5	-1		7	11	20	3	0	0	0	0	0	540	0	0		-1	4140605
4130606	将军的噬魂裤子	5	16	2	1	130		将军的噬魂裤子	1	1000	0	0	1	0	6	130	1306	6				6	6	-1		3	11	20	3	0	670	0	0	0	0	0	0		-1	4140606
4130607	将军的噬魂腰带	5	15	2	1	130		将军的噬魂腰带	1	1000	0	0	1	0	6	130	1306	6				7	7	-1		1	11	20	3	0	0	8379	0	0	0	0	0		-1	4140607
4130608	将军的噬魂鞋子	5	17	2	1	130		将军的噬魂鞋子	1	1000	0	0	1	0	6	130	1306	6				8	8	-1		6	11	20	3	0	0	0	0	540	0	0	0		-1	4140608
4130609	将军的噬魂手套	5	20	2	1	130		将军的噬魂手套	1	1000	0	0	1	0	6	130	1306	6				9	9	-1		2	11	20	3	1117	0	0	0	0	0	0	0		-1	4140609
4130700	元帅的噬魂头盔	5	13	2	1	130		元帅的噬魂头盔	1	1000	0	0	1	0	7	130	1307	7				0	0	-1		1	12	20	3	0	0	27930	0	0	0	0	0		-1	4140700
4130701	元帅的噬魂项链	5	23	2	1	130		元帅的噬魂项链	1	1000	0	0	1	0	7	130	1307	7				1	1	-1		4	12	20	3	0	0	0	0	0	0	660	0		-1	4140701
4130702	元帅的噬魂肩甲	5	21	2	1	130		元帅的噬魂肩甲	1	1000	0	0	1	0	7	130	1307	7				2	2	-1		5	12	20	3	0	0	0	0	0	0	0	660		-1	4140702
4130703	元帅的噬魂武器	5	24	2	1	130		元帅的噬魂武器	1	1000	0	0	1	0	7	130	1307	7				3	3	-1		2	12	20	3	3724	0	0	0	0	0	0	0		-1	4140703
4130704	元帅的噬魂胸甲	5	14	2	1	130		元帅的噬魂胸甲	1	1000	0	0	1	0	7	130	1307	7				4	4	-1		3	12	20	3	0	2234	0	0	0	0	0	0		-1	4140704
4130705	元帅的噬魂戒指	5	22	2	1	130		元帅的噬魂戒指	1	1000	0	0	1	0	7	130	1307	7				5	5	-1		7	12	20	3	0	0	0	0	0	660	0	0		-1	4140705
4130706	元帅的噬魂裤子	5	16	2	1	130		元帅的噬魂裤子	1	1000	0	0	1	0	7	130	1307	7				6	6	-1		3	12	20	3	0	958	0	0	0	0	0	0		-1	4140706
4130707	元帅的噬魂腰带	5	15	2	1	130		元帅的噬魂腰带	1	1000	0	0	1	0	7	130	1307	7				7	7	-1		1	12	20	3	0	0	11970	0	0	0	0	0		-1	4140707
4130708	元帅的噬魂鞋子	5	17	2	1	130		元帅的噬魂鞋子	1	1000	0	0	1	0	7	130	1307	7				8	8	-1		6	12	20	3	0	0	0	0	660	0	0	0		-1	4140708
4130709	元帅的噬魂手套	5	20	2	1	130		元帅的噬魂手套	1	1000	0	0	1	0	7	130	1307	7				9	9	-1		2	12	20	3	1596	0	0	0	0	0	0	0		-1	4140709
4140300	新兵的泯灭头盔	5	13	2	1	140		新兵的泯灭头盔	1	1000	0	0	1	0	3	140						0	0	-1		1	8	20	3	0	0	10248	0	0	0	0	0		-1	4150300
4140301	新兵的泯灭项链	5	23	2	1	140		新兵的泯灭项链	1	1000	0	0	1	0	3	140						1	1	-1		4	8	20	3	0	0	0	0	0	0	325	0		-1	4150301
4140302	新兵的泯灭肩甲	5	21	2	1	140		新兵的泯灭肩甲	1	1000	0	0	1	0	3	140						2	2	-1		5	8	20	3	0	0	0	0	0	0	0	325		-1	4150302
4140303	新兵的泯灭武器	5	24	2	1	140		新兵的泯灭武器	1	1000	0	0	1	0	3	140						3	3	-1		2	8	20	3	1366	0	0	0	0	0	0	0		-1	4150303
4140304	新兵的泯灭胸甲	5	14	2	1	140		新兵的泯灭胸甲	1	1000	0	0	1	0	3	140						4	4	-1		3	8	20	3	0	820	0	0	0	0	0	0		-1	4150304
4140305	新兵的泯灭戒指	5	22	2	1	140		新兵的泯灭戒指	1	1000	0	0	1	0	3	140						5	5	-1		7	8	20	3	0	0	0	0	0	325	0	0		-1	4150305
4140306	新兵的泯灭裤子	5	16	2	1	140		新兵的泯灭裤子	1	1000	0	0	1	0	3	140						6	6	-1		3	8	20	3	0	351	0	0	0	0	0	0		-1	4150306
4140307	新兵的泯灭腰带	5	15	2	1	140		新兵的泯灭腰带	1	1000	0	0	1	0	3	140						7	7	-1		1	8	20	3	0	0	4392	0	0	0	0	0		-1	4150307
4140308	新兵的泯灭鞋子	5	17	2	1	140		新兵的泯灭鞋子	1	1000	0	0	1	0	3	140						8	8	-1		6	8	20	3	0	0	0	0	325	0	0	0		-1	4150308
4140309	新兵的泯灭手套	5	20	2	1	140		新兵的泯灭手套	1	1000	0	0	1	0	3	140						9	9	-1		2	8	20	3	586	0	0	0	0	0	0	0		-1	4150309
4140400	勇士的泯灭头盔	5	13	2	1	140		勇士的泯灭头盔	1	1000	0	0	1	0	4	140						0	0	-1		1	9	20	3	0	0	12810	0	0	0	0	0		-1	4150400
4140401	勇士的泯灭项链	5	23	2	1	140		勇士的泯灭项链	1	1000	0	0	1	0	4	140						1	1	-1		4	9	20	3	0	0	0	0	0	0	325	0		-1	4150401
4140402	勇士的泯灭肩甲	5	21	2	1	140		勇士的泯灭肩甲	1	1000	0	0	1	0	4	140						2	2	-1		5	9	20	3	0	0	0	0	0	0	0	325		-1	4150402
4140403	勇士的泯灭武器	5	24	2	1	140		勇士的泯灭武器	1	1000	0	0	1	0	4	140						3	3	-1		2	9	20	3	1708	0	0	0	0	0	0	0		-1	4150403
4140404	勇士的泯灭胸甲	5	14	2	1	140		勇士的泯灭胸甲	1	1000	0	0	1	0	4	140						4	4	-1		3	9	20	3	0	1025	0	0	0	0	0	0		-1	4150404
4140405	勇士的泯灭戒指	5	22	2	1	140		勇士的泯灭戒指	1	1000	0	0	1	0	4	140						5	5	-1		7	9	20	3	0	0	0	0	0	325	0	0		-1	4150405
4140406	勇士的泯灭裤子	5	16	2	1	140		勇士的泯灭裤子	1	1000	0	0	1	0	4	140						6	6	-1		3	9	20	3	0	439	0	0	0	0	0	0		-1	4150406
4140407	勇士的泯灭腰带	5	15	2	1	140		勇士的泯灭腰带	1	1000	0	0	1	0	4	140						7	7	-1		1	9	20	3	0	0	5490	0	0	0	0	0		-1	4150407
4140408	勇士的泯灭鞋子	5	17	2	1	140		勇士的泯灭鞋子	1	1000	0	0	1	0	4	140						8	8	-1		6	9	20	3	0	0	0	0	325	0	0	0		-1	4150408
4140409	勇士的泯灭手套	5	20	2	1	140		勇士的泯灭手套	1	1000	0	0	1	0	4	140						9	9	-1		2	9	20	3	732	0	0	0	0	0	0	0		-1	4150409
4140500	少校的泯灭头盔	5	13	2	1	140		少校的泯灭头盔	1	1000	0	0	1	0	5	140	1405	5				0	0	-1		1	10	20	3	0	0	16013	0	0	0	0	0		-1	4150500
4140501	少校的泯灭项链	5	23	2	1	140		少校的泯灭项链	1	1000	0	0	1	0	5	140	1405	5				1	1	-1		4	10	20	3	0	0	0	0	0	0	455	0		-1	4150501
4140502	少校的泯灭肩甲	5	21	2	1	140		少校的泯灭肩甲	1	1000	0	0	1	0	5	140	1405	5				2	2	-1		5	10	20	3	0	0	0	0	0	0	0	455		-1	4150502
4140503	少校的泯灭武器	5	24	2	1	140		少校的泯灭武器	1	1000	0	0	1	0	5	140	1405	5				3	3	-1		2	10	20	3	2135	0	0	0	0	0	0	0		-1	4150503
4140504	少校的泯灭胸甲	5	14	2	1	140		少校的泯灭胸甲	1	1000	0	0	1	0	5	140	1405	5				4	4	-1		3	10	20	3	0	1281	0	0	0	0	0	0		-1	4150504
4140505	少校的泯灭戒指	5	22	2	1	140		少校的泯灭戒指	1	1000	0	0	1	0	5	140	1405	5				5	5	-1		7	10	20	3	0	0	0	0	0	455	0	0		-1	4150505
4140506	少校的泯灭裤子	5	16	2	1	140		少校的泯灭裤子	1	1000	0	0	1	0	5	140	1405	5				6	6	-1		3	10	20	3	0	549	0	0	0	0	0	0		-1	4150506
4140507	少校的泯灭腰带	5	15	2	1	140		少校的泯灭腰带	1	1000	0	0	1	0	5	140	1405	5				7	7	-1		1	10	20	3	0	0	6863	0	0	0	0	0		-1	4150507
4140508	少校的泯灭鞋子	5	17	2	1	140		少校的泯灭鞋子	1	1000	0	0	1	0	5	140	1405	5				8	8	-1		6	10	20	3	0	0	0	0	455	0	0	0		-1	4150508
4140509	少校的泯灭手套	5	20	2	1	140		少校的泯灭手套	1	1000	0	0	1	0	5	140	1405	5				9	9	-1		2	10	20	3	915	0	0	0	0	0	0	0		-1	4150509
4140600	将军的泯灭头盔	5	13	2	1	140		将军的泯灭头盔	1	1000	0	0	1	0	6	140	1406	6				0	0	-1		1	11	20	3	0	0	22418	0	0	0	0	0		-1	4150600
4140601	将军的泯灭项链	5	23	2	1	140		将军的泯灭项链	1	1000	0	0	1	0	6	140	1406	6				1	1	-1		4	11	20	3	0	0	0	0	0	0	585	0		-1	4150601
4140602	将军的泯灭肩甲	5	21	2	1	140		将军的泯灭肩甲	1	1000	0	0	1	0	6	140	1406	6				2	2	-1		5	11	20	3	0	0	0	0	0	0	0	585		-1	4150602
4140603	将军的泯灭武器	5	24	2	1	140		将军的泯灭武器	1	1000	0	0	1	0	6	140	1406	6				3	3	-1		2	11	20	3	2989	0	0	0	0	0	0	0		-1	4150603
4140604	将军的泯灭胸甲	5	14	2	1	140		将军的泯灭胸甲	1	1000	0	0	1	0	6	140	1406	6				4	4	-1		3	11	20	3	0	1793	0	0	0	0	0	0		-1	4150604
4140605	将军的泯灭戒指	5	22	2	1	140		将军的泯灭戒指	1	1000	0	0	1	0	6	140	1406	6				5	5	-1		7	11	20	3	0	0	0	0	0	585	0	0		-1	4150605
4140606	将军的泯灭裤子	5	16	2	1	140		将军的泯灭裤子	1	1000	0	0	1	0	6	140	1406	6				6	6	-1		3	11	20	3	0	769	0	0	0	0	0	0		-1	4150606
4140607	将军的泯灭腰带	5	15	2	1	140		将军的泯灭腰带	1	1000	0	0	1	0	6	140	1406	6				7	7	-1		1	11	20	3	0	0	9608	0	0	0	0	0		-1	4150607
4140608	将军的泯灭鞋子	5	17	2	1	140		将军的泯灭鞋子	1	1000	0	0	1	0	6	140	1406	6				8	8	-1		6	11	20	3	0	0	0	0	585	0	0	0		-1	4150608
4140609	将军的泯灭手套	5	20	2	1	140		将军的泯灭手套	1	1000	0	0	1	0	6	140	1406	6				9	9	-1		2	11	20	3	1281	0	0	0	0	0	0	0		-1	4150609
4140700	元帅的泯灭头盔	5	13	2	1	140		元帅的泯灭头盔	1	1000	0	0	1	0	7	140	1407	7				0	0	-1		1	12	20	3	0	0	32025	0	0	0	0	0		-1	4150700
4140701	元帅的泯灭项链	5	23	2	1	140		元帅的泯灭项链	1	1000	0	0	1	0	7	140	1407	7				1	1	-1		4	12	20	3	0	0	0	0	0	0	715	0		-1	4150701
4140702	元帅的泯灭肩甲	5	21	2	1	140		元帅的泯灭肩甲	1	1000	0	0	1	0	7	140	1407	7				2	2	-1		5	12	20	3	0	0	0	0	0	0	0	715		-1	4150702
4140703	元帅的泯灭武器	5	24	2	1	140		元帅的泯灭武器	1	1000	0	0	1	0	7	140	1407	7				3	3	-1		2	12	20	3	4270	0	0	0	0	0	0	0		-1	4150703
4140704	元帅的泯灭胸甲	5	14	2	1	140		元帅的泯灭胸甲	1	1000	0	0	1	0	7	140	1407	7				4	4	-1		3	12	20	3	0	2562	0	0	0	0	0	0		-1	4150704
4140705	元帅的泯灭戒指	5	22	2	1	140		元帅的泯灭戒指	1	1000	0	0	1	0	7	140	1407	7				5	5	-1		7	12	20	3	0	0	0	0	0	715	0	0		-1	4150705
4140706	元帅的泯灭裤子	5	16	2	1	140		元帅的泯灭裤子	1	1000	0	0	1	0	7	140	1407	7				6	6	-1		3	12	20	3	0	1098	0	0	0	0	0	0		-1	4150706
4140707	元帅的泯灭腰带	5	15	2	1	140		元帅的泯灭腰带	1	1000	0	0	1	0	7	140	1407	7				7	7	-1		1	12	20	3	0	0	13725	0	0	0	0	0		-1	4150707
4140708	元帅的泯灭鞋子	5	17	2	1	140		元帅的泯灭鞋子	1	1000	0	0	1	0	7	140	1407	7				8	8	-1		6	12	20	3	0	0	0	0	715	0	0	0		-1	4150708
4140709	元帅的泯灭手套	5	20	2	1	140		元帅的泯灭手套	1	1000	0	0	1	0	7	140	1407	7				9	9	-1		2	12	20	3	1830	0	0	0	0	0	0	0		-1	4150709
4150300	新兵的英灵头盔	5	13	2	1	150		新兵的英灵头盔	1	1000	0	0	1	0	3	150						0	0	-1		1	蓝	20	3	0	0	11558	0	0	0	0	0		-1	4160300
4150301	新兵的英灵项链	5	23	2	1	150		新兵的英灵项链	1	1000	0	0	1	0	3	150						1	1	-1		4	蓝	20	3	0	0	0	0	0	0	350	0		-1	4160301
4150302	新兵的英灵肩甲	5	21	2	1	150		新兵的英灵肩甲	1	1000	0	0	1	0	3	150						2	2	-1		5	蓝	20	3	0	0	0	0	0	0	0	350		-1	4160302
4150303	新兵的英灵武器	5	24	2	1	150		新兵的英灵武器	1	1000	0	0	1	0	3	150						3	3	-1		2	蓝	20	3	1541	0	0	0	0	0	0	0		-1	4160303
4150304	新兵的英灵胸甲	5	14	2	1	150		新兵的英灵胸甲	1	1000	0	0	1	0	3	150						4	4	-1		3	蓝	20	3	0	925	0	0	0	0	0	0		-1	4160304
4150305	新兵的英灵戒指	5	22	2	1	150		新兵的英灵戒指	1	1000	0	0	1	0	3	150						5	5	-1		7	蓝	20	3	0	0	0	0	0	350	0	0		-1	4160305
4150306	新兵的英灵裤子	5	16	2	1	150		新兵的英灵裤子	1	1000	0	0	1	0	3	150						6	6	-1		3	蓝	20	3	0	396	0	0	0	0	0	0		-1	4160306
4150307	新兵的英灵腰带	5	15	2	1	150		新兵的英灵腰带	1	1000	0	0	1	0	3	150						7	7	-1		1	蓝	20	3	0	0	4954	0	0	0	0	0		-1	4160307
4150308	新兵的英灵鞋子	5	17	2	1	150		新兵的英灵鞋子	1	1000	0	0	1	0	3	150						8	8	-1		6	蓝	20	3	0	0	0	0	350	0	0	0		-1	4160308
4150309	新兵的英灵手套	5	20	2	1	150		新兵的英灵手套	1	1000	0	0	1	0	3	150						9	9	-1		2	蓝	20	3	660	0	0	0	0	0	0	0		-1	4160309
4150400	勇士的英灵头盔	5	13	2	1	150		勇士的英灵头盔	1	1000	0	0	1	0	4	150						0	0	-1		1	紫	20	3	0	0	14448	0	0	0	0	0		-1	4160400
4150401	勇士的英灵项链	5	23	2	1	150		勇士的英灵项链	1	1000	0	0	1	0	4	150						1	1	-1		4	紫	20	3	0	0	0	0	0	0	350	0		-1	4160401
4150402	勇士的英灵肩甲	5	21	2	1	150		勇士的英灵肩甲	1	1000	0	0	1	0	4	150						2	2	-1		5	紫	20	3	0	0	0	0	0	0	0	350		-1	4160402
4150403	勇士的英灵武器	5	24	2	1	150		勇士的英灵武器	1	1000	0	0	1	0	4	150						3	3	-1		2	紫	20	3	1926	0	0	0	0	0	0	0		-1	4160403
4150404	勇士的英灵胸甲	5	14	2	1	150		勇士的英灵胸甲	1	1000	0	0	1	0	4	150						4	4	-1		3	紫	20	3	0	1156	0	0	0	0	0	0		-1	4160404
4150405	勇士的英灵戒指	5	22	2	1	150		勇士的英灵戒指	1	1000	0	0	1	0	4	150						5	5	-1		7	紫	20	3	0	0	0	0	0	350	0	0		-1	4160405
4150406	勇士的英灵裤子	5	16	2	1	150		勇士的英灵裤子	1	1000	0	0	1	0	4	150						6	6	-1		3	紫	20	3	0	495	0	0	0	0	0	0		-1	4160406
4150407	勇士的英灵腰带	5	15	2	1	150		勇士的英灵腰带	1	1000	0	0	1	0	4	150						7	7	-1		1	紫	20	3	0	0	6192	0	0	0	0	0		-1	4160407
4150408	勇士的英灵鞋子	5	17	2	1	150		勇士的英灵鞋子	1	1000	0	0	1	0	4	150						8	8	-1		6	紫	20	3	0	0	0	0	350	0	0	0		-1	4160408
4150409	勇士的英灵手套	5	20	2	1	150		勇士的英灵手套	1	1000	0	0	1	0	4	150						9	9	-1		2	紫	20	3	826	0	0	0	0	0	0	0		-1	4160409
4150500	少校的英灵头盔	5	13	2	1	150		少校的英灵头盔	1	1000	0	0	1	0	5	150	1505	5				0	0	-1		1	橙	20	3	0	0	18060	0	0	0	0	0		-1	4160500
4150501	少校的英灵项链	5	23	2	1	150		少校的英灵项链	1	1000	0	0	1	0	5	150	1505	5				1	1	-1		4	橙	20	3	0	0	0	0	0	0	490	0		-1	4160501
4150502	少校的英灵肩甲	5	21	2	1	150		少校的英灵肩甲	1	1000	0	0	1	0	5	150	1505	5				2	2	-1		5	橙	20	3	0	0	0	0	0	0	0	490		-1	4160502
4150503	少校的英灵武器	5	24	2	1	150		少校的英灵武器	1	1000	0	0	1	0	5	150	1505	5				3	3	-1		2	橙	20	3	2408	0	0	0	0	0	0	0		-1	4160503
4150504	少校的英灵胸甲	5	14	2	1	150		少校的英灵胸甲	1	1000	0	0	1	0	5	150	1505	5				4	4	-1		3	橙	20	3	0	1445	0	0	0	0	0	0		-1	4160504
4150505	少校的英灵戒指	5	22	2	1	150		少校的英灵戒指	1	1000	0	0	1	0	5	150	1505	5				5	5	-1		7	橙	20	3	0	0	0	0	0	490	0	0		-1	4160505
4150506	少校的英灵裤子	5	16	2	1	150		少校的英灵裤子	1	1000	0	0	1	0	5	150	1505	5				6	6	-1		3	橙	20	3	0	619	0	0	0	0	0	0		-1	4160506
4150507	少校的英灵腰带	5	15	2	1	150		少校的英灵腰带	1	1000	0	0	1	0	5	150	1505	5				7	7	-1		1	橙	20	3	0	0	7740	0	0	0	0	0		-1	4160507
4150508	少校的英灵鞋子	5	17	2	1	150		少校的英灵鞋子	1	1000	0	0	1	0	5	150	1505	5				8	8	-1		6	橙	20	3	0	0	0	0	490	0	0	0		-1	4160508
4150509	少校的英灵手套	5	20	2	1	150		少校的英灵手套	1	1000	0	0	1	0	5	150	1505	5				9	9	-1		2	橙	20	3	1032	0	0	0	0	0	0	0		-1	4160509
4150600	将军的英灵头盔	5	13	2	1	150		将军的英灵头盔	1	1000	0	0	1	0	6	150	1506	6				0	0	-1		1	红	20	3	0	0	25284	0	0	0	0	0		-1	4160600
4150601	将军的英灵项链	5	23	2	1	150		将军的英灵项链	1	1000	0	0	1	0	6	150	1506	6				1	1	-1		4	红	20	3	0	0	0	0	0	0	630	0		-1	4160601
4150602	将军的英灵肩甲	5	21	2	1	150		将军的英灵肩甲	1	1000	0	0	1	0	6	150	1506	6				2	2	-1		5	红	20	3	0	0	0	0	0	0	0	630		-1	4160602
4150603	将军的英灵武器	5	24	2	1	150		将军的英灵武器	1	1000	0	0	1	0	6	150	1506	6				3	3	-1		2	红	20	3	3371	0	0	0	0	0	0	0		-1	4160603
4150604	将军的英灵胸甲	5	14	2	1	150		将军的英灵胸甲	1	1000	0	0	1	0	6	150	1506	6				4	4	-1		3	红	20	3	0	2023	0	0	0	0	0	0		-1	4160604
4150605	将军的英灵戒指	5	22	2	1	150		将军的英灵戒指	1	1000	0	0	1	0	6	150	1506	6				5	5	-1		7	红	20	3	0	0	0	0	0	630	0	0		-1	4160605
4150606	将军的英灵裤子	5	16	2	1	150		将军的英灵裤子	1	1000	0	0	1	0	6	150	1506	6				6	6	-1		3	红	20	3	0	867	0	0	0	0	0	0		-1	4160606
4150607	将军的英灵腰带	5	15	2	1	150		将军的英灵腰带	1	1000	0	0	1	0	6	150	1506	6				7	7	-1		1	红	20	3	0	0	10836	0	0	0	0	0		-1	4160607
4150608	将军的英灵鞋子	5	17	2	1	150		将军的英灵鞋子	1	1000	0	0	1	0	6	150	1506	6				8	8	-1		6	红	20	3	0	0	0	0	630	0	0	0		-1	4160608
4150609	将军的英灵手套	5	20	2	1	150		将军的英灵手套	1	1000	0	0	1	0	6	150	1506	6				9	9	-1		2	红	20	3	1445	0	0	0	0	0	0	0		-1	4160609
4150700	元帅的英灵头盔	5	13	2	1	150		元帅的英灵头盔	1	1000	0	0	1	0	7	150	1507	7				0	0	-1		1	金	20	3	0	0	36120	0	0	0	0	0		-1	4160700
4150701	元帅的英灵项链	5	23	2	1	150		元帅的英灵项链	1	1000	0	0	1	0	7	150	1507	7				1	1	-1		4	金	20	3	0	0	0	0	0	0	770	0		-1	4160701
4150702	元帅的英灵肩甲	5	21	2	1	150		元帅的英灵肩甲	1	1000	0	0	1	0	7	150	1507	7				2	2	-1		5	金	20	3	0	0	0	0	0	0	0	770		-1	4160702
4150703	元帅的英灵武器	5	24	2	1	150		元帅的英灵武器	1	1000	0	0	1	0	7	150	1507	7				3	3	-1		2	金	20	3	4816	0	0	0	0	0	0	0		-1	4160703
4150704	元帅的英灵胸甲	5	14	2	1	150		元帅的英灵胸甲	1	1000	0	0	1	0	7	150	1507	7				4	4	-1		3	金	20	3	0	2890	0	0	0	0	0	0		-1	4160704
4150705	元帅的英灵戒指	5	22	2	1	150		元帅的英灵戒指	1	1000	0	0	1	0	7	150	1507	7				5	5	-1		7	金	20	3	0	0	0	0	0	770	0	0		-1	4160705
4150706	元帅的英灵裤子	5	16	2	1	150		元帅的英灵裤子	1	1000	0	0	1	0	7	150	1507	7				6	6	-1		3	金	20	3	0	1238	0	0	0	0	0	0		-1	4160706
4150707	元帅的英灵腰带	5	15	2	1	150		元帅的英灵腰带	1	1000	0	0	1	0	7	150	1507	7				7	7	-1		1	金	20	3	0	0	15480	0	0	0	0	0		-1	4160707
4150708	元帅的英灵鞋子	5	17	2	1	150		元帅的英灵鞋子	1	1000	0	0	1	0	7	150	1507	7				8	8	-1		6	金	20	3	0	0	0	0	770	0	0	0		-1	4160708
4150709	元帅的英灵手套	5	20	2	1	150		元帅的英灵手套	1	1000	0	0	1	0	7	150	1507	7				9	9	-1		2	金	20	3	2064	0	0	0	0	0	0	0		-1	4160709
4160300	新兵的战神头盔	5	13	2	1	160		新兵的战神头盔	1	1000	0	0	1	0	3	160						0	0	-1		1	1	20	3	0	0	12869	0	0	0	0	0		-1	4170300
4160301	新兵的战神项链	5	23	2	1	160		新兵的战神项链	1	1000	0	0	1	0	3	160						1	1	-1		4	1	20	3	0	0	0	0	0	0	375	0		-1	4170301
4160302	新兵的战神肩甲	5	21	2	1	160		新兵的战神肩甲	1	1000	0	0	1	0	3	160						2	2	-1		5	1	20	3	0	0	0	0	0	0	0	375		-1	4170302
4160303	新兵的战神武器	5	24	2	1	160		新兵的战神武器	1	1000	0	0	1	0	3	160						3	3	-1		2	1	20	3	1716	0	0	0	0	0	0	0		-1	4170303
4160304	新兵的战神胸甲	5	14	2	1	160		新兵的战神胸甲	1	1000	0	0	1	0	3	160						4	4	-1		3	1	20	3	0	1030	0	0	0	0	0	0		-1	4170304
4160305	新兵的战神戒指	5	22	2	1	160		新兵的战神戒指	1	1000	0	0	1	0	3	160						5	5	-1		7	1	20	3	0	0	0	0	0	375	0	0		-1	4170305
4160306	新兵的战神裤子	5	16	2	1	160		新兵的战神裤子	1	1000	0	0	1	0	3	160						6	6	-1		3	1	20	3	0	441	0	0	0	0	0	0		-1	4170306
4160307	新兵的战神腰带	5	15	2	1	160		新兵的战神腰带	1	1000	0	0	1	0	3	160						7	7	-1		1	1	20	3	0	0	5515	0	0	0	0	0		-1	4170307
4160308	新兵的战神鞋子	5	17	2	1	160		新兵的战神鞋子	1	1000	0	0	1	0	3	160						8	8	-1		6	1	20	3	0	0	0	0	375	0	0	0		-1	4170308
4160309	新兵的战神手套	5	20	2	1	160		新兵的战神手套	1	1000	0	0	1	0	3	160						9	9	-1		2	1	20	3	735	0	0	0	0	0	0	0		-1	4170309
4160400	勇士的战神头盔	5	13	2	1	160		勇士的战神头盔	1	1000	0	0	1	0	4	160						0	0	-1		1	2	20	3	0	0	16086	0	0	0	0	0		-1	4170400
4160401	勇士的战神项链	5	23	2	1	160		勇士的战神项链	1	1000	0	0	1	0	4	160						1	1	-1		4	2	20	3	0	0	0	0	0	0	375	0		-1	4170401
4160402	勇士的战神肩甲	5	21	2	1	160		勇士的战神肩甲	1	1000	0	0	1	0	4	160						2	2	-1		5	2	20	3	0	0	0	0	0	0	0	375		-1	4170402
4160403	勇士的战神武器	5	24	2	1	160		勇士的战神武器	1	1000	0	0	1	0	4	160						3	3	-1		2	2	20	3	2145	0	0	0	0	0	0	0		-1	4170403
4160404	勇士的战神胸甲	5	14	2	1	160		勇士的战神胸甲	1	1000	0	0	1	0	4	160						4	4	-1		3	2	20	3	0	1287	0	0	0	0	0	0		-1	4170404
4160405	勇士的战神戒指	5	22	2	1	160		勇士的战神戒指	1	1000	0	0	1	0	4	160						5	5	-1		7	2	20	3	0	0	0	0	0	375	0	0		-1	4170405
4160406	勇士的战神裤子	5	16	2	1	160		勇士的战神裤子	1	1000	0	0	1	0	4	160						6	6	-1		3	2	20	3	0	552	0	0	0	0	0	0		-1	4170406
4160407	勇士的战神腰带	5	15	2	1	160		勇士的战神腰带	1	1000	0	0	1	0	4	160						7	7	-1		1	2	20	3	0	0	6894	0	0	0	0	0		-1	4170407
4160408	勇士的战神鞋子	5	17	2	1	160		勇士的战神鞋子	1	1000	0	0	1	0	4	160						8	8	-1		6	2	20	3	0	0	0	0	375	0	0	0		-1	4170408
4160409	勇士的战神手套	5	20	2	1	160		勇士的战神手套	1	1000	0	0	1	0	4	160						9	9	-1		2	2	20	3	919	0	0	0	0	0	0	0		-1	4170409
4160500	少校的战神头盔	5	13	2	1	160		少校的战神头盔	1	1000	0	0	1	0	5	160	1605	5				0	0	-1		1	3	20	3	0	0	20108	0	0	0	0	0		-1	4170500
4160501	少校的战神项链	5	23	2	1	160		少校的战神项链	1	1000	0	0	1	0	5	160	1605	5				1	1	-1		4	3	20	3	0	0	0	0	0	0	525	0		-1	4170501
4160502	少校的战神肩甲	5	21	2	1	160		少校的战神肩甲	1	1000	0	0	1	0	5	160	1605	5				2	2	-1		5	3	20	3	0	0	0	0	0	0	0	525		-1	4170502
4160503	少校的战神武器	5	24	2	1	160		少校的战神武器	1	1000	0	0	1	0	5	160	1605	5				3	3	-1		2	3	20	3	2681	0	0	0	0	0	0	0		-1	4170503
4160504	少校的战神胸甲	5	14	2	1	160		少校的战神胸甲	1	1000	0	0	1	0	5	160	1605	5				4	4	-1		3	3	20	3	0	1609	0	0	0	0	0	0		-1	4170504
4160505	少校的战神戒指	5	22	2	1	160		少校的战神戒指	1	1000	0	0	1	0	5	160	1605	5				5	5	-1		7	3	20	3	0	0	0	0	0	525	0	0		-1	4170505
4160506	少校的战神裤子	5	16	2	1	160		少校的战神裤子	1	1000	0	0	1	0	5	160	1605	5				6	6	-1		3	3	20	3	0	689	0	0	0	0	0	0		-1	4170506
4160507	少校的战神腰带	5	15	2	1	160		少校的战神腰带	1	1000	0	0	1	0	5	160	1605	5				7	7	-1		1	3	20	3	0	0	8618	0	0	0	0	0		-1	4170507
4160508	少校的战神鞋子	5	17	2	1	160		少校的战神鞋子	1	1000	0	0	1	0	5	160	1605	5				8	8	-1		6	3	20	3	0	0	0	0	525	0	0	0		-1	4170508
4160509	少校的战神手套	5	20	2	1	160		少校的战神手套	1	1000	0	0	1	0	5	160	1605	5				9	9	-1		2	3	20	3	1149	0	0	0	0	0	0	0		-1	4170509
4160600	将军的战神头盔	5	13	2	1	160		将军的战神头盔	1	1000	0	0	1	0	6	160	1606	6				0	0	-1		1	4	20	3	0	0	28151	0	0	0	0	0		-1	4170600
4160601	将军的战神项链	5	23	2	1	160		将军的战神项链	1	1000	0	0	1	0	6	160	1606	6				1	1	-1		4	4	20	3	0	0	0	0	0	0	675	0		-1	4170601
4160602	将军的战神肩甲	5	21	2	1	160		将军的战神肩甲	1	1000	0	0	1	0	6	160	1606	6				2	2	-1		5	4	20	3	0	0	0	0	0	0	0	675		-1	4170602
4160603	将军的战神武器	5	24	2	1	160		将军的战神武器	1	1000	0	0	1	0	6	160	1606	6				3	3	-1		2	4	20	3	3753	0	0	0	0	0	0	0		-1	4170603
4160604	将军的战神胸甲	5	14	2	1	160		将军的战神胸甲	1	1000	0	0	1	0	6	160	1606	6				4	4	-1		3	4	20	3	0	2252	0	0	0	0	0	0		-1	4170604
4160605	将军的战神戒指	5	22	2	1	160		将军的战神戒指	1	1000	0	0	1	0	6	160	1606	6				5	5	-1		7	4	20	3	0	0	0	0	0	675	0	0		-1	4170605
4160606	将军的战神裤子	5	16	2	1	160		将军的战神裤子	1	1000	0	0	1	0	6	160	1606	6				6	6	-1		3	4	20	3	0	965	0	0	0	0	0	0		-1	4170606
4160607	将军的战神腰带	5	15	2	1	160		将军的战神腰带	1	1000	0	0	1	0	6	160	1606	6				7	7	-1		1	4	20	3	0	0	12065	0	0	0	0	0		-1	4170607
4160608	将军的战神鞋子	5	17	2	1	160		将军的战神鞋子	1	1000	0	0	1	0	6	160	1606	6				8	8	-1		6	4	20	3	0	0	0	0	675	0	0	0		-1	4170608
4160609	将军的战神手套	5	20	2	1	160		将军的战神手套	1	1000	0	0	1	0	6	160	1606	6				9	9	-1		2	4	20	3	1609	0	0	0	0	0	0	0		-1	4170609
4160700	元帅的战神头盔	5	13	2	1	160		元帅的战神头盔	1	1000	0	0	1	0	7	160	1607	7				0	0	-1		1	5	20	3	0	0	40215	0	0	0	0	0		-1	4170700
4160701	元帅的战神项链	5	23	2	1	160		元帅的战神项链	1	1000	0	0	1	0	7	160	1607	7				1	1	-1		4	5	20	3	0	0	0	0	0	0	825	0		-1	4170701
4160702	元帅的战神肩甲	5	21	2	1	160		元帅的战神肩甲	1	1000	0	0	1	0	7	160	1607	7				2	2	-1		5	5	20	3	0	0	0	0	0	0	0	825		-1	4170702
4160703	元帅的战神武器	5	24	2	1	160		元帅的战神武器	1	1000	0	0	1	0	7	160	1607	7				3	3	-1		2	5	20	3	5362	0	0	0	0	0	0	0		-1	4170703
4160704	元帅的战神胸甲	5	14	2	1	160		元帅的战神胸甲	1	1000	0	0	1	0	7	160	1607	7				4	4	-1		3	5	20	3	0	3217	0	0	0	0	0	0		-1	4170704
4160705	元帅的战神戒指	5	22	2	1	160		元帅的战神戒指	1	1000	0	0	1	0	7	160	1607	7				5	5	-1		7	5	20	3	0	0	0	0	0	825	0	0		-1	4170705
4160706	元帅的战神裤子	5	16	2	1	160		元帅的战神裤子	1	1000	0	0	1	0	7	160	1607	7				6	6	-1		3	5	20	3	0	1379	0	0	0	0	0	0		-1	4170706
4160707	元帅的战神腰带	5	15	2	1	160		元帅的战神腰带	1	1000	0	0	1	0	7	160	1607	7				7	7	-1		1	5	20	3	0	0	17235	0	0	0	0	0		-1	4170707
4160708	元帅的战神鞋子	5	17	2	1	160		元帅的战神鞋子	1	1000	0	0	1	0	7	160	1607	7				8	8	-1		6	5	20	3	0	0	0	0	825	0	0	0		-1	4170708
4160709	元帅的战神手套	5	20	2	1	160		元帅的战神手套	1	1000	0	0	1	0	7	160	1607	7				9	9	-1		2	5	20	3	2298	0	0	0	0	0	0	0		-1	4170709
4170300	新兵的炎魔头盔	5	13	2	1	170		新兵的炎魔头盔	1	1000	0	0	1	0	3	170						0	0	-1		1	2	20	3	0	0	14179	0	0	0	0	0		-1	4180300
4170301	新兵的炎魔项链	5	23	2	1	170		新兵的炎魔项链	1	1000	0	0	1	0	3	170						1	1	-1		4	2	20	3	0	0	0	0	0	0	400	0		-1	4180301
4170302	新兵的炎魔肩甲	5	21	2	1	170		新兵的炎魔肩甲	1	1000	0	0	1	0	3	170						2	2	-1		5	2	20	3	0	0	0	0	0	0	0	400		-1	4180302
4170303	新兵的炎魔武器	5	24	2	1	170		新兵的炎魔武器	1	1000	0	0	1	0	3	170						3	3	-1		2	2	20	3	1891	0	0	0	0	0	0	0		-1	4180303
4170304	新兵的炎魔胸甲	5	14	2	1	170		新兵的炎魔胸甲	1	1000	0	0	1	0	3	170						4	4	-1		3	2	20	3	0	1134	0	0	0	0	0	0		-1	4180304
4170305	新兵的炎魔戒指	5	22	2	1	170		新兵的炎魔戒指	1	1000	0	0	1	0	3	170						5	5	-1		7	2	20	3	0	0	0	0	0	400	0	0		-1	4180305
4170306	新兵的炎魔裤子	5	16	2	1	170		新兵的炎魔裤子	1	1000	0	0	1	0	3	170						6	6	-1		3	2	20	3	0	486	0	0	0	0	0	0		-1	4180306
4170307	新兵的炎魔腰带	5	15	2	1	170		新兵的炎魔腰带	1	1000	0	0	1	0	3	170						7	7	-1		1	2	20	3	0	0	6077	0	0	0	0	0		-1	4180307
4170308	新兵的炎魔鞋子	5	17	2	1	170		新兵的炎魔鞋子	1	1000	0	0	1	0	3	170						8	8	-1		6	2	20	3	0	0	0	0	400	0	0	0		-1	4180308
4170309	新兵的炎魔手套	5	20	2	1	170		新兵的炎魔手套	1	1000	0	0	1	0	3	170						9	9	-1		2	2	20	3	810	0	0	0	0	0	0	0		-1	4180309
4170400	勇士的炎魔头盔	5	13	2	1	170		勇士的炎魔头盔	1	1000	0	0	1	0	4	170						0	0	-1		1	3	20	3	0	0	17724	0	0	0	0	0		-1	4180400
4170401	勇士的炎魔项链	5	23	2	1	170		勇士的炎魔项链	1	1000	0	0	1	0	4	170						1	1	-1		4	3	20	3	0	0	0	0	0	0	400	0		-1	4180401
4170402	勇士的炎魔肩甲	5	21	2	1	170		勇士的炎魔肩甲	1	1000	0	0	1	0	4	170						2	2	-1		5	3	20	3	0	0	0	0	0	0	0	400		-1	4180402
4170403	勇士的炎魔武器	5	24	2	1	170		勇士的炎魔武器	1	1000	0	0	1	0	4	170						3	3	-1		2	3	20	3	2363	0	0	0	0	0	0	0		-1	4180403
4170404	勇士的炎魔胸甲	5	14	2	1	170		勇士的炎魔胸甲	1	1000	0	0	1	0	4	170						4	4	-1		3	3	20	3	0	1418	0	0	0	0	0	0		-1	4180404
4170405	勇士的炎魔戒指	5	22	2	1	170		勇士的炎魔戒指	1	1000	0	0	1	0	4	170						5	5	-1		7	3	20	3	0	0	0	0	0	400	0	0		-1	4180405
4170406	勇士的炎魔裤子	5	16	2	1	170		勇士的炎魔裤子	1	1000	0	0	1	0	4	170						6	6	-1		3	3	20	3	0	608	0	0	0	0	0	0		-1	4180406
4170407	勇士的炎魔腰带	5	15	2	1	170		勇士的炎魔腰带	1	1000	0	0	1	0	4	170						7	7	-1		1	3	20	3	0	0	7596	0	0	0	0	0		-1	4180407
4170408	勇士的炎魔鞋子	5	17	2	1	170		勇士的炎魔鞋子	1	1000	0	0	1	0	4	170						8	8	-1		6	3	20	3	0	0	0	0	400	0	0	0		-1	4180408
4170409	勇士的炎魔手套	5	20	2	1	170		勇士的炎魔手套	1	1000	0	0	1	0	4	170						9	9	-1		2	3	20	3	1013	0	0	0	0	0	0	0		-1	4180409
4170500	少校的炎魔头盔	5	13	2	1	170		少校的炎魔头盔	1	1000	0	0	1	0	5	170	1705	5				0	0	-1		1	4	20	3	0	0	22155	0	0	0	0	0		-1	4180500
4170501	少校的炎魔项链	5	23	2	1	170		少校的炎魔项链	1	1000	0	0	1	0	5	170	1705	5				1	1	-1		4	4	20	3	0	0	0	0	0	0	560	0		-1	4180501
4170502	少校的炎魔肩甲	5	21	2	1	170		少校的炎魔肩甲	1	1000	0	0	1	0	5	170	1705	5				2	2	-1		5	4	20	3	0	0	0	0	0	0	0	560		-1	4180502
4170503	少校的炎魔武器	5	24	2	1	170		少校的炎魔武器	1	1000	0	0	1	0	5	170	1705	5				3	3	-1		2	4	20	3	2954	0	0	0	0	0	0	0		-1	4180503
4170504	少校的炎魔胸甲	5	14	2	1	170		少校的炎魔胸甲	1	1000	0	0	1	0	5	170	1705	5				4	4	-1		3	4	20	3	0	1772	0	0	0	0	0	0		-1	4180504
4170505	少校的炎魔戒指	5	22	2	1	170		少校的炎魔戒指	1	1000	0	0	1	0	5	170	1705	5				5	5	-1		7	4	20	3	0	0	0	0	0	560	0	0		-1	4180505
4170506	少校的炎魔裤子	5	16	2	1	170		少校的炎魔裤子	1	1000	0	0	1	0	5	170	1705	5				6	6	-1		3	4	20	3	0	760	0	0	0	0	0	0		-1	4180506
4170507	少校的炎魔腰带	5	15	2	1	170		少校的炎魔腰带	1	1000	0	0	1	0	5	170	1705	5				7	7	-1		1	4	20	3	0	0	9495	0	0	0	0	0		-1	4180507
4170508	少校的炎魔鞋子	5	17	2	1	170		少校的炎魔鞋子	1	1000	0	0	1	0	5	170	1705	5				8	8	-1		6	4	20	3	0	0	0	0	560	0	0	0		-1	4180508
4170509	少校的炎魔手套	5	20	2	1	170		少校的炎魔手套	1	1000	0	0	1	0	5	170	1705	5				9	9	-1		2	4	20	3	1266	0	0	0	0	0	0	0		-1	4180509
4170600	将军的炎魔头盔	5	13	2	1	170		将军的炎魔头盔	1	1000	0	0	1	0	6	170	1706	6				0	0	-1		1	5	20	3	0	0	31017	0	0	0	0	0		-1	4180600
4170601	将军的炎魔项链	5	23	2	1	170		将军的炎魔项链	1	1000	0	0	1	0	6	170	1706	6				1	1	-1		4	5	20	3	0	0	0	0	0	0	720	0		-1	4180601
4170602	将军的炎魔肩甲	5	21	2	1	170		将军的炎魔肩甲	1	1000	0	0	1	0	6	170	1706	6				2	2	-1		5	5	20	3	0	0	0	0	0	0	0	720		-1	4180602
4170603	将军的炎魔武器	5	24	2	1	170		将军的炎魔武器	1	1000	0	0	1	0	6	170	1706	6				3	3	-1		2	5	20	3	4136	0	0	0	0	0	0	0		-1	4180603
4170604	将军的炎魔胸甲	5	14	2	1	170		将军的炎魔胸甲	1	1000	0	0	1	0	6	170	1706	6				4	4	-1		3	5	20	3	0	2481	0	0	0	0	0	0		-1	4180604
4170605	将军的炎魔戒指	5	22	2	1	170		将军的炎魔戒指	1	1000	0	0	1	0	6	170	1706	6				5	5	-1		7	5	20	3	0	0	0	0	0	720	0	0		-1	4180605
4170606	将军的炎魔裤子	5	16	2	1	170		将军的炎魔裤子	1	1000	0	0	1	0	6	170	1706	6				6	6	-1		3	5	20	3	0	1063	0	0	0	0	0	0		-1	4180606
4170607	将军的炎魔腰带	5	15	2	1	170		将军的炎魔腰带	1	1000	0	0	1	0	6	170	1706	6				7	7	-1		1	5	20	3	0	0	13293	0	0	0	0	0		-1	4180607
4170608	将军的炎魔鞋子	5	17	2	1	170		将军的炎魔鞋子	1	1000	0	0	1	0	6	170	1706	6				8	8	-1		6	5	20	3	0	0	0	0	720	0	0	0		-1	4180608
4170609	将军的炎魔手套	5	20	2	1	170		将军的炎魔手套	1	1000	0	0	1	0	6	170	1706	6				9	9	-1		2	5	20	3	1772	0	0	0	0	0	0	0		-1	4180609
4170700	元帅的炎魔头盔	5	13	2	1	170		元帅的炎魔头盔	1	1000	0	0	1	0	7	170	1707	7				0	0	-1		1	6	20	3	0	0	44310	0	0	0	0	0		-1	4180700
4170701	元帅的炎魔项链	5	23	2	1	170		元帅的炎魔项链	1	1000	0	0	1	0	7	170	1707	7				1	1	-1		4	6	20	3	0	0	0	0	0	0	880	0		-1	4180701
4170702	元帅的炎魔肩甲	5	21	2	1	170		元帅的炎魔肩甲	1	1000	0	0	1	0	7	170	1707	7				2	2	-1		5	6	20	3	0	0	0	0	0	0	0	880		-1	4180702
4170703	元帅的炎魔武器	5	24	2	1	170		元帅的炎魔武器	1	1000	0	0	1	0	7	170	1707	7				3	3	-1		2	6	20	3	5908	0	0	0	0	0	0	0		-1	4180703
4170704	元帅的炎魔胸甲	5	14	2	1	170		元帅的炎魔胸甲	1	1000	0	0	1	0	7	170	1707	7				4	4	-1		3	6	20	3	0	3545	0	0	0	0	0	0		-1	4180704
4170705	元帅的炎魔戒指	5	22	2	1	170		元帅的炎魔戒指	1	1000	0	0	1	0	7	170	1707	7				5	5	-1		7	6	20	3	0	0	0	0	0	880	0	0		-1	4180705
4170706	元帅的炎魔裤子	5	16	2	1	170		元帅的炎魔裤子	1	1000	0	0	1	0	7	170	1707	7				6	6	-1		3	6	20	3	0	1519	0	0	0	0	0	0		-1	4180706
4170707	元帅的炎魔腰带	5	15	2	1	170		元帅的炎魔腰带	1	1000	0	0	1	0	7	170	1707	7				7	7	-1		1	6	20	3	0	0	18990	0	0	0	0	0		-1	4180707
4170708	元帅的炎魔鞋子	5	17	2	1	170		元帅的炎魔鞋子	1	1000	0	0	1	0	7	170	1707	7				8	8	-1		6	6	20	3	0	0	0	0	880	0	0	0		-1	4180708
4170709	元帅的炎魔手套	5	20	2	1	170		元帅的炎魔手套	1	1000	0	0	1	0	7	170	1707	7				9	9	-1		2	6	20	3	2532	0	0	0	0	0	0	0		-1	4180709
4180300	新兵的星辰头盔	5	13	2	1	180		新兵的星辰头盔	1	1000	0	0	1	0	3	180						0	0	-1		1	3	20	3	0	0	15490	0	0	0	0	0		-1	4190300
4180301	新兵的星辰项链	5	23	2	1	180		新兵的星辰项链	1	1000	0	0	1	0	3	180						1	1	-1		4	3	20	3	0	0	0	0	0	0	425	0		-1	4190301
4180302	新兵的星辰肩甲	5	21	2	1	180		新兵的星辰肩甲	1	1000	0	0	1	0	3	180						2	2	-1		5	3	20	3	0	0	0	0	0	0	0	425		-1	4190302
4180303	新兵的星辰武器	5	24	2	1	180		新兵的星辰武器	1	1000	0	0	1	0	3	180						3	3	-1		2	3	20	3	2065	0	0	0	0	0	0	0		-1	4190303
4180304	新兵的星辰胸甲	5	14	2	1	180		新兵的星辰胸甲	1	1000	0	0	1	0	3	180						4	4	-1		3	3	20	3	0	1239	0	0	0	0	0	0		-1	4190304
4180305	新兵的星辰戒指	5	22	2	1	180		新兵的星辰戒指	1	1000	0	0	1	0	3	180						5	5	-1		7	3	20	3	0	0	0	0	0	425	0	0		-1	4190305
4180306	新兵的星辰裤子	5	16	2	1	180		新兵的星辰裤子	1	1000	0	0	1	0	3	180						6	6	-1		3	3	20	3	0	531	0	0	0	0	0	0		-1	4190306
4180307	新兵的星辰腰带	5	15	2	1	180		新兵的星辰腰带	1	1000	0	0	1	0	3	180						7	7	-1		1	3	20	3	0	0	6638	0	0	0	0	0		-1	4190307
4180308	新兵的星辰鞋子	5	17	2	1	180		新兵的星辰鞋子	1	1000	0	0	1	0	3	180						8	8	-1		6	3	20	3	0	0	0	0	425	0	0	0		-1	4190308
4180309	新兵的星辰手套	5	20	2	1	180		新兵的星辰手套	1	1000	0	0	1	0	3	180						9	9	-1		2	3	20	3	885	0	0	0	0	0	0	0		-1	4190309
4180400	勇士的星辰头盔	5	13	2	1	180		勇士的星辰头盔	1	1000	0	0	1	0	4	180						0	0	-1		1	4	20	3	0	0	19362	0	0	0	0	0		-1	4190400
4180401	勇士的星辰项链	5	23	2	1	180		勇士的星辰项链	1	1000	0	0	1	0	4	180						1	1	-1		4	4	20	3	0	0	0	0	0	0	425	0		-1	4190401
4180402	勇士的星辰肩甲	5	21	2	1	180		勇士的星辰肩甲	1	1000	0	0	1	0	4	180						2	2	-1		5	4	20	3	0	0	0	0	0	0	0	425		-1	4190402
4180403	勇士的星辰武器	5	24	2	1	180		勇士的星辰武器	1	1000	0	0	1	0	4	180						3	3	-1		2	4	20	3	2582	0	0	0	0	0	0	0		-1	4190403
4180404	勇士的星辰胸甲	5	14	2	1	180		勇士的星辰胸甲	1	1000	0	0	1	0	4	180						4	4	-1		3	4	20	3	0	1549	0	0	0	0	0	0		-1	4190404
4180405	勇士的星辰戒指	5	22	2	1	180		勇士的星辰戒指	1	1000	0	0	1	0	4	180						5	5	-1		7	4	20	3	0	0	0	0	0	425	0	0		-1	4190405
4180406	勇士的星辰裤子	5	16	2	1	180		勇士的星辰裤子	1	1000	0	0	1	0	4	180						6	6	-1		3	4	20	3	0	664	0	0	0	0	0	0		-1	4190406
4180407	勇士的星辰腰带	5	15	2	1	180		勇士的星辰腰带	1	1000	0	0	1	0	4	180						7	7	-1		1	4	20	3	0	0	8298	0	0	0	0	0		-1	4190407
4180408	勇士的星辰鞋子	5	17	2	1	180		勇士的星辰鞋子	1	1000	0	0	1	0	4	180						8	8	-1		6	4	20	3	0	0	0	0	425	0	0	0		-1	4190408
4180409	勇士的星辰手套	5	20	2	1	180		勇士的星辰手套	1	1000	0	0	1	0	4	180						9	9	-1		2	4	20	3	1106	0	0	0	0	0	0	0		-1	4190409
4180500	少校的星辰头盔	5	13	2	1	180		少校的星辰头盔	1	1000	0	0	1	0	5	180	1805	5				0	0	-1		1	5	20	3	0	0	24203	0	0	0	0	0		-1	4190500
4180501	少校的星辰项链	5	23	2	1	180		少校的星辰项链	1	1000	0	0	1	0	5	180	1805	5				1	1	-1		4	5	20	3	0	0	0	0	0	0	595	0		-1	4190501
4180502	少校的星辰肩甲	5	21	2	1	180		少校的星辰肩甲	1	1000	0	0	1	0	5	180	1805	5				2	2	-1		5	5	20	3	0	0	0	0	0	0	0	595		-1	4190502
4180503	少校的星辰武器	5	24	2	1	180		少校的星辰武器	1	1000	0	0	1	0	5	180	1805	5				3	3	-1		2	5	20	3	3227	0	0	0	0	0	0	0		-1	4190503
4180504	少校的星辰胸甲	5	14	2	1	180		少校的星辰胸甲	1	1000	0	0	1	0	5	180	1805	5				4	4	-1		3	5	20	3	0	1936	0	0	0	0	0	0		-1	4190504
4180505	少校的星辰戒指	5	22	2	1	180		少校的星辰戒指	1	1000	0	0	1	0	5	180	1805	5				5	5	-1		7	5	20	3	0	0	0	0	0	595	0	0		-1	4190505
4180506	少校的星辰裤子	5	16	2	1	180		少校的星辰裤子	1	1000	0	0	1	0	5	180	1805	5				6	6	-1		3	5	20	3	0	830	0	0	0	0	0	0		-1	4190506
4180507	少校的星辰腰带	5	15	2	1	180		少校的星辰腰带	1	1000	0	0	1	0	5	180	1805	5				7	7	-1		1	5	20	3	0	0	10373	0	0	0	0	0		-1	4190507
4180508	少校的星辰鞋子	5	17	2	1	180		少校的星辰鞋子	1	1000	0	0	1	0	5	180	1805	5				8	8	-1		6	5	20	3	0	0	0	0	595	0	0	0		-1	4190508
4180509	少校的星辰手套	5	20	2	1	180		少校的星辰手套	1	1000	0	0	1	0	5	180	1805	5				9	9	-1		2	5	20	3	1383	0	0	0	0	0	0	0		-1	4190509
4180600	将军的星辰头盔	5	13	2	1	180		将军的星辰头盔	1	1000	0	0	1	0	6	180	1806	6				0	0	-1		1	6	20	3	0	0	33884	0	0	0	0	0		-1	4190600
4180601	将军的星辰项链	5	23	2	1	180		将军的星辰项链	1	1000	0	0	1	0	6	180	1806	6				1	1	-1		4	6	20	3	0	0	0	0	0	0	765	0		-1	4190601
4180602	将军的星辰肩甲	5	21	2	1	180		将军的星辰肩甲	1	1000	0	0	1	0	6	180	1806	6				2	2	-1		5	6	20	3	0	0	0	0	0	0	0	765		-1	4190602
4180603	将军的星辰武器	5	24	2	1	180		将军的星辰武器	1	1000	0	0	1	0	6	180	1806	6				3	3	-1		2	6	20	3	4518	0	0	0	0	0	0	0		-1	4190603
4180604	将军的星辰胸甲	5	14	2	1	180		将军的星辰胸甲	1	1000	0	0	1	0	6	180	1806	6				4	4	-1		3	6	20	3	0	2711	0	0	0	0	0	0		-1	4190604
4180605	将军的星辰戒指	5	22	2	1	180		将军的星辰戒指	1	1000	0	0	1	0	6	180	1806	6				5	5	-1		7	6	20	3	0	0	0	0	0	765	0	0		-1	4190605
4180606	将军的星辰裤子	5	16	2	1	180		将军的星辰裤子	1	1000	0	0	1	0	6	180	1806	6				6	6	-1		3	6	20	3	0	1162	0	0	0	0	0	0		-1	4190606
4180607	将军的星辰腰带	5	15	2	1	180		将军的星辰腰带	1	1000	0	0	1	0	6	180	1806	6				7	7	-1		1	6	20	3	0	0	14522	0	0	0	0	0		-1	4190607
4180608	将军的星辰鞋子	5	17	2	1	180		将军的星辰鞋子	1	1000	0	0	1	0	6	180	1806	6				8	8	-1		6	6	20	3	0	0	0	0	765	0	0	0		-1	4190608
4180609	将军的星辰手套	5	20	2	1	180		将军的星辰手套	1	1000	0	0	1	0	6	180	1806	6				9	9	-1		2	6	20	3	1936	0	0	0	0	0	0	0		-1	4190609
4180700	元帅的星辰头盔	5	13	2	1	180		元帅的星辰头盔	1	1000	0	0	1	0	7	180	1807	7				0	0	-1		1	7	20	3	0	0	48405	0	0	0	0	0		-1	4190700
4180701	元帅的星辰项链	5	23	2	1	180		元帅的星辰项链	1	1000	0	0	1	0	7	180	1807	7				1	1	-1		4	7	20	3	0	0	0	0	0	0	935	0		-1	4190701
4180702	元帅的星辰肩甲	5	21	2	1	180		元帅的星辰肩甲	1	1000	0	0	1	0	7	180	1807	7				2	2	-1		5	7	20	3	0	0	0	0	0	0	0	935		-1	4190702
4180703	元帅的星辰武器	5	24	2	1	180		元帅的星辰武器	1	1000	0	0	1	0	7	180	1807	7				3	3	-1		2	7	20	3	6454	0	0	0	0	0	0	0		-1	4190703
4180704	元帅的星辰胸甲	5	14	2	1	180		元帅的星辰胸甲	1	1000	0	0	1	0	7	180	1807	7				4	4	-1		3	7	20	3	0	3872	0	0	0	0	0	0		-1	4190704
4180705	元帅的星辰戒指	5	22	2	1	180		元帅的星辰戒指	1	1000	0	0	1	0	7	180	1807	7				5	5	-1		7	7	20	3	0	0	0	0	0	935	0	0		-1	4190705
4180706	元帅的星辰裤子	5	16	2	1	180		元帅的星辰裤子	1	1000	0	0	1	0	7	180	1807	7				6	6	-1		3	7	20	3	0	1660	0	0	0	0	0	0		-1	4190706
4180707	元帅的星辰腰带	5	15	2	1	180		元帅的星辰腰带	1	1000	0	0	1	0	7	180	1807	7				7	7	-1		1	7	20	3	0	0	20745	0	0	0	0	0		-1	4190707
4180708	元帅的星辰鞋子	5	17	2	1	180		元帅的星辰鞋子	1	1000	0	0	1	0	7	180	1807	7				8	8	-1		6	7	20	3	0	0	0	0	935	0	0	0		-1	4190708
4180709	元帅的星辰手套	5	20	2	1	180		元帅的星辰手套	1	1000	0	0	1	0	7	180	1807	7				9	9	-1		2	7	20	3	2766	0	0	0	0	0	0	0		-1	4190709
4190300	新兵的泰坦头盔	5	13	2	1	190		新兵的泰坦头盔	1	1000	0	0	1	0	3	190						0	0	-1		1	4	20	3	0	0	16800	0	0	0	0	0		-1	0
4190301	新兵的泰坦项链	5	23	2	1	190		新兵的泰坦项链	1	1000	0	0	1	0	3	190						1	1	-1		4	4	20	3	0	0	0	0	0	0	450	0		-1	0
4190302	新兵的泰坦肩甲	5	21	2	1	190		新兵的泰坦肩甲	1	1000	0	0	1	0	3	190						2	2	-1		5	4	20	3	0	0	0	0	0	0	0	450		-1	4999991
4190303	新兵的泰坦武器	5	24	2	1	190		新兵的泰坦武器	1	1000	0	0	1	0	3	190						3	3	-1		2	4	20	3	2240	0	0	0	0	0	0	0		-1	4999992
4190304	新兵的泰坦胸甲	5	14	2	1	190		新兵的泰坦胸甲	1	1000	0	0	1	0	3	190						4	4	-1		3	4	20	3	0	1344	0	0	0	0	0	0		-1	4999993
4190305	新兵的泰坦戒指	5	22	2	1	190		新兵的泰坦戒指	1	1000	0	0	1	0	3	190						5	5	-1		7	4	20	3	0	0	0	0	0	450	0	0		-1	0
4190306	新兵的泰坦裤子	5	16	2	1	190		新兵的泰坦裤子	1	1000	0	0	1	0	3	190						6	6	-1		3	4	20	3	0	576	0	0	0	0	0	0		-1	0
4190307	新兵的泰坦腰带	5	15	2	1	190		新兵的泰坦腰带	1	1000	0	0	1	0	3	190						7	7	-1		1	4	20	3	0	0	7200	0	0	0	0	0		-1	0
4190308	新兵的泰坦鞋子	5	17	2	1	190		新兵的泰坦鞋子	1	1000	0	0	1	0	3	190						8	8	-1		6	4	20	3	0	0	0	0	450	0	0	0		-1	0
4190309	新兵的泰坦手套	5	20	2	1	190		新兵的泰坦手套	1	1000	0	0	1	0	3	190						9	9	-1		2	4	20	3	960	0	0	0	0	0	0	0		-1	0
4190400	勇士的泰坦头盔	5	13	2	1	190		勇士的泰坦头盔	1	1000	0	0	1	0	4	190						0	0	-1		1	5	20	3	0	0	21000	0	0	0	0	0		-1	0
4190401	勇士的泰坦项链	5	23	2	1	190		勇士的泰坦项链	1	1000	0	0	1	0	4	190						1	1	-1		4	5	20	3	0	0	0	0	0	0	450	0		-1	0
4190402	勇士的泰坦肩甲	5	21	2	1	190		勇士的泰坦肩甲	1	1000	0	0	1	0	4	190						2	2	-1		5	5	20	3	0	0	0	0	0	0	0	450		-1	0
4190403	勇士的泰坦武器	5	24	2	1	190		勇士的泰坦武器	1	1000	0	0	1	0	4	190						3	3	-1		2	5	20	3	2800	0	0	0	0	0	0	0		-1	0
4190404	勇士的泰坦胸甲	5	14	2	1	190		勇士的泰坦胸甲	1	1000	0	0	1	0	4	190						4	4	-1		3	5	20	3	0	1680	0	0	0	0	0	0		-1	0
4190405	勇士的泰坦戒指	5	22	2	1	190		勇士的泰坦戒指	1	1000	0	0	1	0	4	190						5	5	-1		7	5	20	3	0	0	0	0	0	450	0	0		-1	0
4190406	勇士的泰坦裤子	5	16	2	1	190		勇士的泰坦裤子	1	1000	0	0	1	0	4	190						6	6	-1		3	5	20	3	0	720	0	0	0	0	0	0		-1	0
4190407	勇士的泰坦腰带	5	15	2	1	190		勇士的泰坦腰带	1	1000	0	0	1	0	4	190						7	7	-1		1	5	20	3	0	0	9000	0	0	0	0	0		-1	0
4190408	勇士的泰坦鞋子	5	17	2	1	190		勇士的泰坦鞋子	1	1000	0	0	1	0	4	190						8	8	-1		6	5	20	3	0	0	0	0	450	0	0	0		-1	0
4190409	勇士的泰坦手套	5	20	2	1	190		勇士的泰坦手套	1	1000	0	0	1	0	4	190						9	9	-1		2	5	20	3	1200	0	0	0	0	0	0	0		-1	0
4190500	少校的泰坦头盔	5	13	2	1	190		少校的泰坦头盔	1	1000	0	0	1	0	5	190	1905	5				0	0	-1		1	6	20	3	0	0	26250	0	0	0	0	0		-1	0
4190501	少校的泰坦项链	5	23	2	1	190		少校的泰坦项链	1	1000	0	0	1	0	5	190	1905	5				1	1	-1		4	6	20	3	0	0	0	0	0	0	630	0		-1	0
4190502	少校的泰坦肩甲	5	21	2	1	190		少校的泰坦肩甲	1	1000	0	0	1	0	5	190	1905	5				2	2	-1		5	6	20	3	0	0	0	0	0	0	0	630		-1	0
4190503	少校的泰坦武器	5	24	2	1	190		少校的泰坦武器	1	1000	0	0	1	0	5	190	1905	5				3	3	-1		2	6	20	3	3500	0	0	0	0	0	0	0		-1	0
4190504	少校的泰坦胸甲	5	14	2	1	190		少校的泰坦胸甲	1	1000	0	0	1	0	5	190	1905	5				4	4	-1		3	6	20	3	0	2100	0	0	0	0	0	0		-1	0
4190505	少校的泰坦戒指	5	22	2	1	190		少校的泰坦戒指	1	1000	0	0	1	0	5	190	1905	5				5	5	-1		7	6	20	3	0	0	0	0	0	630	0	0		-1	0
4190506	少校的泰坦裤子	5	16	2	1	190		少校的泰坦裤子	1	1000	0	0	1	0	5	190	1905	5				6	6	-1		3	6	20	3	0	900	0	0	0	0	0	0		-1	0
4190507	少校的泰坦腰带	5	15	2	1	190		少校的泰坦腰带	1	1000	0	0	1	0	5	190	1905	5				7	7	-1		1	6	20	3	0	0	11250	0	0	0	0	0		-1	0
4190508	少校的泰坦鞋子	5	17	2	1	190		少校的泰坦鞋子	1	1000	0	0	1	0	5	190	1905	5				8	8	-1		6	6	20	3	0	0	0	0	630	0	0	0		-1	0
4190509	少校的泰坦手套	5	20	2	1	190		少校的泰坦手套	1	1000	0	0	1	0	5	190	1905	5				9	9	-1		2	6	20	3	1500	0	0	0	0	0	0	0		-1	0
4190600	将军的泰坦头盔	5	13	2	1	190		将军的泰坦头盔	1	1000	0	0	1	0	6	190	1906	6				0	0	-1		1	7	20	3	0	0	36750	0	0	0	0	0		-1	0
4190601	将军的泰坦项链	5	23	2	1	190		将军的泰坦项链	1	1000	0	0	1	0	6	190	1906	6				1	1	-1		4	7	20	3	0	0	0	0	0	0	810	0		-1	0
4190602	将军的泰坦肩甲	5	21	2	1	190		将军的泰坦肩甲	1	1000	0	0	1	0	6	190	1906	6				2	2	-1		5	7	20	3	0	0	0	0	0	0	0	810		-1	0
4190603	将军的泰坦武器	5	24	2	1	190		将军的泰坦武器	1	1000	0	0	1	0	6	190	1906	6				3	3	-1		2	7	20	3	4900	0	0	0	0	0	0	0		-1	0
4190604	将军的泰坦胸甲	5	14	2	1	190		将军的泰坦胸甲	1	1000	0	0	1	0	6	190	1906	6				4	4	-1		3	7	20	3	0	2940	0	0	0	0	0	0		-1	0
4190605	将军的泰坦戒指	5	22	2	1	190		将军的泰坦戒指	1	1000	0	0	1	0	6	190	1906	6				5	5	-1		7	7	20	3	0	0	0	0	0	810	0	0		-1	0
4190606	将军的泰坦裤子	5	16	2	1	190		将军的泰坦裤子	1	1000	0	0	1	0	6	190	1906	6				6	6	-1		3	7	20	3	0	1260	0	0	0	0	0	0		-1	0
4190607	将军的泰坦腰带	5	15	2	1	190		将军的泰坦腰带	1	1000	0	0	1	0	6	190	1906	6				7	7	-1		1	7	20	3	0	0	15750	0	0	0	0	0		-1	0
4190608	将军的泰坦鞋子	5	17	2	1	190		将军的泰坦鞋子	1	1000	0	0	1	0	6	190	1906	6				8	8	-1		6	7	20	3	0	0	0	0	810	0	0	0		-1	0
4190609	将军的泰坦手套	5	20	2	1	190		将军的泰坦手套	1	1000	0	0	1	0	6	190	1906	6				9	9	-1		2	7	20	3	2100	0	0	0	0	0	0	0		-1	0
4190700	元帅的泰坦头盔	5	13	2	1	190		元帅的泰坦头盔	1	1000	0	0	1	0	7	190	1907	7				0	0	-1		1	8	20	3	0	0	52500	0	0	0	0	0		-1	0
4190701	元帅的泰坦项链	5	23	2	1	190		元帅的泰坦项链	1	1000	0	0	1	0	7	190	1907	7				1	1	-1		4	8	20	3	0	0	0	0	0	0	990	0		-1	0
4190702	元帅的泰坦肩甲	5	21	2	1	190		元帅的泰坦肩甲	1	1000	0	0	1	0	7	190	1907	7				2	2	-1		5	8	20	3	0	0	0	0	0	0	0	990		-1	0
4190703	元帅的泰坦武器	5	24	2	1	190		元帅的泰坦武器	1	1000	0	0	1	0	7	190	1907	7				3	3	-1		2	8	20	3	7000	0	0	0	0	0	0	0		-1	0
4190704	元帅的泰坦胸甲	5	14	2	1	190		元帅的泰坦胸甲	1	1000	0	0	1	0	7	190	1907	7				4	4	-1		3	8	20	3	0	4200	0	0	0	0	0	0		-1	0
4190705	元帅的泰坦戒指	5	22	2	1	190		元帅的泰坦戒指	1	1000	0	0	1	0	7	190	1907	7				5	5	-1		7	8	20	3	0	0	0	0	0	990	0	0		-1	0
4190706	元帅的泰坦裤子	5	16	2	1	190		元帅的泰坦裤子	1	1000	0	0	1	0	7	190	1907	7				6	6	-1		3	8	20	3	0	1800	0	0	0	0	0	0		-1	0
4190707	元帅的泰坦腰带	5	15	2	1	190		元帅的泰坦腰带	1	1000	0	0	1	0	7	190	1907	7				7	7	-1		1	8	20	3	0	0	22500	0	0	0	0	0		-1	0
4190708	元帅的泰坦鞋子	5	17	2	1	190		元帅的泰坦鞋子	1	1000	0	0	1	0	7	190	1907	7				8	8	-1		6	8	20	3	0	0	0	0	990	0	0	0		-1	0
4190709	元帅的泰坦手套	5	20	2	1	190		元帅的泰坦手套	1	1000	0	0	1	0	7	190	1907	7				9	9	-1		2	8	20	3	3000	0	0	0	0	0	0	0		-1	0
																																								
																																								
4999991	真理之帽	6	13	2	1	1		看上去这个帽子不怎么样	1	1000	0	0	1	0	7	1						0	0	-1		1	12	20	3	500000									-1	0
4999992	真理之甲	6	14	2	1	1		看上去这个盔甲不怎么样	1	1000	0	0	1	0	7	1						4	4	-1		1	12	20	3		500000								-1	0
4999993	真理之手	6	20	2	1	1		看上去这个手套不怎么样	1	1000	0	0	1	0	7	1						9	9	-1		1	12	20	3			4000000							-1	0