heroId	heroLevel	atk	rit	maxHp	maxMp
英雄ID	英雄等级	攻击	防御	生命	法力
1000000	1	130	85	1069	486
1000000	2	139	92	1148	522
1000000	3	149	98	1228	558
1000000	4	158	104	1307	594
1000000	5	168	111	1386	630
1000000	6	178	117	1465	666
1000000	7	187	123	1544	702
1000000	8	197	130	1624	738
1000000	9	206	136	1703	774
1000000	10	216	142	1782	810
1000000	11	227	149	1871	851
1000000	12	238	156	1960	891
1000000	13	248	164	2049	932
1000000	14	259	171	2138	972
1000000	15	270	178	2228	1013
1000000	16	281	185	2317	1053
1000000	17	292	192	2406	1094
1000000	18	302	199	2495	1134
1000000	19	313	206	2584	1175
1000000	20	324	213	2673	1215
1000000	21	336	221	2772	1260
1000000	22	348	229	2871	1305
1000000	23	360	237	2970	1350
1000000	24	372	245	3069	1395
1000000	25	384	253	3168	1440
1000000	26	396	261	3267	1485
1000000	27	408	269	3366	1530
1000000	28	420	277	3465	1575
1000000	29	432	284	3564	1620
1000000	30	444	292	3663	1665
1000000	31	457	301	3772	1715
1000000	32	470	310	3881	1764
1000000	33	484	318	3990	1814
1000000	34	497	327	4099	1863
1000000	35	510	336	4208	1913
1000000	36	523	344	4316	1962
1000000	37	536	353	4425	2012
1000000	38	550	362	4534	2061
1000000	39	563	371	4643	2111
1000000	40	576	379	4752	2160
1000000	41	590	389	4871	2214
1000000	42	605	398	4990	2268
1000000	43	619	408	5108	2322
1000000	44	634	417	5227	2376
1000000	45	648	427	5346	2430
1000000	46	662	436	5465	2484
1000000	47	677	446	5584	2538
1000000	48	691	455	5702	2592
1000000	49	706	465	5821	2646
1000000	50	720	474	5940	2700
1000000	51	736	484	6069	2759
1000000	52	751	495	6197	2817
1000000	53	767	505	6326	2876
1000000	54	782	515	6455	2934
1000000	55	798	525	6584	2993
1000000	56	814	536	6712	3051
1000000	57	829	546	6841	3110
1000000	58	845	556	6970	3168
1000000	59	860	566	7098	3227
1000000	60	876	577	7227	3285
1000000	61	893	588	7366	3348
1000000	62	910	599	7504	3411
1000000	63	926	610	7643	3474
1000000	64	943	621	7781	3537
1000000	65	960	632	7920	3600
1000000	66	977	643	8059	3663
1000000	67	994	654	8197	3726
1000000	68	1010	665	8336	3789
1000000	69	1027	676	8474	3852
1000000	70	1044	687	8613	3915
1000000	71	1062	699	8762	3983
1000000	72	1080	711	8910	4050
1000000	73	1098	723	9059	4118
1000000	74	1116	735	9207	4185
1000000	75	1134	747	9356	4253
1000000	76	1152	758	9504	4320
1000000	77	1170	770	9653	4388
1000000	78	1188	782	9801	4455
1000000	79	1206	794	9950	4523
1000000	80	1224	806	10098	4590
1000000	81	1247	821	10286	4676
1000000	82	1270	836	10474	4761
1000000	83	1292	851	10662	4847
1000000	84	1315	866	10850	4932
1000000	85	1338	881	11039	5018
1000000	86	1361	896	11227	5103
1000000	87	1384	911	11415	5189
1000000	88	1406	926	11603	5274
1000000	89	1429	941	11791	5360
1000000	90	1452	956	11979	5445
1000000	91	1480	974	12207	5549
1000000	92	1507	992	12434	5652
1000000	93	1535	1010	12662	5756
1000000	94	1562	1029	12890	5859
1000000	95	1590	1047	13118	5963
1000000	96	1618	1065	13345	6066
1000000	97	1645	1083	13573	6170
1000000	98	1673	1101	13801	6273
1000000	99	1700	1119	14028	6377
1000000	100	1728	1138	14256	6480
1000000	101	1760	1159	14523	6602
1000000	102	1793	1180	14791	6723
1000000	103	1825	1202	15058	6845
1000000	104	1858	1223	15325	6966
1000000	105	1890	1244	15593	7088
1000000	106	1922	1266	15860	7209
1000000	107	1955	1287	16127	7331
1000000	108	1987	1308	16394	7452
1000000	109	2020	1330	16662	7574
1000000	110	2052	1351	16929	7695
1000000	111	2089	1375	17236	7835
1000000	112	2126	1400	17543	7974
1000000	113	2164	1424	17850	8114
1000000	114	2201	1449	18157	8253
1000000	115	2238	1473	18464	8393
1000000	116	2275	1498	18770	8532
1000000	117	2312	1522	19077	8672
1000000	118	2350	1547	19384	8811
1000000	119	2387	1571	19691	8951
1000000	120	2424	1596	19998	9090
1000000	121	2466	1623	20345	9248
1000000	122	2508	1651	20691	9405
1000000	123	2550	1679	21038	9563
1000000	124	2592	1706	21384	9720
1000000	125	2634	1734	21731	9878
1000000	126	2676	1762	22077	10035
1000000	127	2718	1789	22424	10193
1000000	128	2760	1817	22770	10350
1000000	129	2802	1845	23117	10508
1000000	130	2844	1872	23463	10665
1000000	131	2891	1903	23849	10841
1000000	132	2938	1934	24235	11016
1000000	133	2984	1965	24621	11192
1000000	134	3031	1996	25007	11367
1000000	135	3078	2026	25394	11543
1000000	136	3125	2057	25780	11718
1000000	137	3172	2088	26166	11894
1000000	138	3218	2119	26552	12069
1000000	139	3265	2150	26938	12245
1000000	140	3312	2180	27324	12420
1000000	141	3359	2211	27710	12596
1000000	142	3406	2242	28096	12771
1000000	143	3452	2273	28482	12947
1000000	144	3499	2304	28868	13122
1000000	145	3546	2334	29255	13298
1000000	146	3593	2365	29641	13473
1000000	147	3640	2396	30027	13649
1000000	148	3686	2427	30413	13824
1000000	149	3733	2458	30799	14000
1000000	150	3780	2489	31185	14175
1000000	151	3827	2519	31571	14351
1000000	152	3874	2550	31957	14526
1000000	153	3920	2581	32343	14702
1000000	154	3967	2612	32729	14877
1000000	155	4014	2643	33116	15053
1000000	156	4061	2673	33502	15228
1000000	157	4108	2704	33888	15404
1000000	158	4154	2735	34274	15579
1000000	159	4201	2766	34660	15755
1000000	160	4248	2797	35046	15930
1000000	161	4295	2827	35432	16106
1000000	162	4342	2858	35818	16281
1000000	163	4388	2889	36204	16457
1000000	164	4435	2920	36590	16632
1000000	165	4482	2951	36977	16808
1000000	166	4529	2981	37363	16983
1000000	167	4576	3012	37749	17159
1000000	168	4622	3043	38135	17334
1000000	169	4669	3074	38521	17510
1000000	170	4716	3105	38907	17685
1000000	171	4763	3136	39293	17861
1000000	172	4810	3166	39679	18036
1000000	173	4856	3197	40065	18212
1000000	174	4903	3228	40451	18387
1000000	175	4950	3259	40838	18563
1000000	176	4997	3290	41224	18738
1000000	177	5044	3320	41610	18914
1000000	178	5090	3351	41996	19089
1000000	179	5137	3382	42382	19265
1000000	180	5184	3413	42768	19440
1000000	181	5231	3444	43154	19616
1000000	182	5278	3474	43540	19791
1000000	183	5324	3505	43926	19967
1000000	184	5371	3536	44312	20142
1000000	185	5418	3567	44699	20318
1000000	186	5465	3598	45085	20493
1000000	187	5512	3628	45471	20669
1000000	188	5558	3659	45857	20844
1000000	189	5605	3690	46243	21020
1000000	190	5652	3721	46629	21195
1000000	191	5699	3752	47015	21371
1000000	192	5746	3783	47401	21546
1000000	193	5792	3813	47787	21722
1000000	194	5839	3844	48173	21897
1000000	195	5886	3875	48560	22073
1000000	196	5933	3906	48946	22248
1000000	197	5980	3937	49332	22424
1000000	198	6026	3967	49718	22599
1000000	199	6073	3998	50104	22775
1000000	200	6120	4029	50490	22950
1000001	1	130	85	1069	486
1000001	2	139	92	1148	522
1000001	3	149	98	1228	558
1000001	4	158	104	1307	594
1000001	5	168	111	1386	630
1000001	6	178	117	1465	666
1000001	7	187	123	1544	702
1000001	8	197	130	1624	738
1000001	9	206	136	1703	774
1000001	10	216	142	1782	810
1000001	11	227	149	1871	851
1000001	12	238	156	1960	891
1000001	13	248	164	2049	932
1000001	14	259	171	2138	972
1000001	15	270	178	2228	1013
1000001	16	281	185	2317	1053
1000001	17	292	192	2406	1094
1000001	18	302	199	2495	1134
1000001	19	313	206	2584	1175
1000001	20	324	213	2673	1215
1000001	21	336	221	2772	1260
1000001	22	348	229	2871	1305
1000001	23	360	237	2970	1350
1000001	24	372	245	3069	1395
1000001	25	384	253	3168	1440
1000001	26	396	261	3267	1485
1000001	27	408	269	3366	1530
1000001	28	420	277	3465	1575
1000001	29	432	284	3564	1620
1000001	30	444	292	3663	1665
1000001	31	457	301	3772	1715
1000001	32	470	310	3881	1764
1000001	33	484	318	3990	1814
1000001	34	497	327	4099	1863
1000001	35	510	336	4208	1913
1000001	36	523	344	4316	1962
1000001	37	536	353	4425	2012
1000001	38	550	362	4534	2061
1000001	39	563	371	4643	2111
1000001	40	576	379	4752	2160
1000001	41	590	389	4871	2214
1000001	42	605	398	4990	2268
1000001	43	619	408	5108	2322
1000001	44	634	417	5227	2376
1000001	45	648	427	5346	2430
1000001	46	662	436	5465	2484
1000001	47	677	446	5584	2538
1000001	48	691	455	5702	2592
1000001	49	706	465	5821	2646
1000001	50	720	474	5940	2700
1000001	51	736	484	6069	2759
1000001	52	751	495	6197	2817
1000001	53	767	505	6326	2876
1000001	54	782	515	6455	2934
1000001	55	798	525	6584	2993
1000001	56	814	536	6712	3051
1000001	57	829	546	6841	3110
1000001	58	845	556	6970	3168
1000001	59	860	566	7098	3227
1000001	60	876	577	7227	3285
1000001	61	893	588	7366	3348
1000001	62	910	599	7504	3411
1000001	63	926	610	7643	3474
1000001	64	943	621	7781	3537
1000001	65	960	632	7920	3600
1000001	66	977	643	8059	3663
1000001	67	994	654	8197	3726
1000001	68	1010	665	8336	3789
1000001	69	1027	676	8474	3852
1000001	70	1044	687	8613	3915
1000001	71	1062	699	8762	3983
1000001	72	1080	711	8910	4050
1000001	73	1098	723	9059	4118
1000001	74	1116	735	9207	4185
1000001	75	1134	747	9356	4253
1000001	76	1152	758	9504	4320
1000001	77	1170	770	9653	4388
1000001	78	1188	782	9801	4455
1000001	79	1206	794	9950	4523
1000001	80	1224	806	10098	4590
1000001	81	1247	821	10286	4676
1000001	82	1270	836	10474	4761
1000001	83	1292	851	10662	4847
1000001	84	1315	866	10850	4932
1000001	85	1338	881	11039	5018
1000001	86	1361	896	11227	5103
1000001	87	1384	911	11415	5189
1000001	88	1406	926	11603	5274
1000001	89	1429	941	11791	5360
1000001	90	1452	956	11979	5445
1000001	91	1480	974	12207	5549
1000001	92	1507	992	12434	5652
1000001	93	1535	1010	12662	5756
1000001	94	1562	1029	12890	5859
1000001	95	1590	1047	13118	5963
1000001	96	1618	1065	13345	6066
1000001	97	1645	1083	13573	6170
1000001	98	1673	1101	13801	6273
1000001	99	1700	1119	14028	6377
1000001	100	1728	1138	14256	6480
1000001	101	1760	1159	14523	6602
1000001	102	1793	1180	14791	6723
1000001	103	1825	1202	15058	6845
1000001	104	1858	1223	15325	6966
1000001	105	1890	1244	15593	7088
1000001	106	1922	1266	15860	7209
1000001	107	1955	1287	16127	7331
1000001	108	1987	1308	16394	7452
1000001	109	2020	1330	16662	7574
1000001	110	2052	1351	16929	7695
1000001	111	2089	1375	17236	7835
1000001	112	2126	1400	17543	7974
1000001	113	2164	1424	17850	8114
1000001	114	2201	1449	18157	8253
1000001	115	2238	1473	18464	8393
1000001	116	2275	1498	18770	8532
1000001	117	2312	1522	19077	8672
1000001	118	2350	1547	19384	8811
1000001	119	2387	1571	19691	8951
1000001	120	2424	1596	19998	9090
1000001	121	2466	1623	20345	9248
1000001	122	2508	1651	20691	9405
1000001	123	2550	1679	21038	9563
1000001	124	2592	1706	21384	9720
1000001	125	2634	1734	21731	9878
1000001	126	2676	1762	22077	10035
1000001	127	2718	1789	22424	10193
1000001	128	2760	1817	22770	10350
1000001	129	2802	1845	23117	10508
1000001	130	2844	1872	23463	10665
1000001	131	2891	1903	23849	10841
1000001	132	2938	1934	24235	11016
1000001	133	2984	1965	24621	11192
1000001	134	3031	1996	25007	11367
1000001	135	3078	2026	25394	11543
1000001	136	3125	2057	25780	11718
1000001	137	3172	2088	26166	11894
1000001	138	3218	2119	26552	12069
1000001	139	3265	2150	26938	12245
1000001	140	3312	2180	27324	12420
1000001	141	3359	2211	27710	12596
1000001	142	3406	2242	28096	12771
1000001	143	3452	2273	28482	12947
1000001	144	3499	2304	28868	13122
1000001	145	3546	2334	29255	13298
1000001	146	3593	2365	29641	13473
1000001	147	3640	2396	30027	13649
1000001	148	3686	2427	30413	13824
1000001	149	3733	2458	30799	14000
1000001	150	3780	2489	31185	14175
1000001	151	3827	2519	31571	14351
1000001	152	3874	2550	31957	14526
1000001	153	3920	2581	32343	14702
1000001	154	3967	2612	32729	14877
1000001	155	4014	2643	33116	15053
1000001	156	4061	2673	33502	15228
1000001	157	4108	2704	33888	15404
1000001	158	4154	2735	34274	15579
1000001	159	4201	2766	34660	15755
1000001	160	4248	2797	35046	15930
1000001	161	4295	2827	35432	16106
1000001	162	4342	2858	35818	16281
1000001	163	4388	2889	36204	16457
1000001	164	4435	2920	36590	16632
1000001	165	4482	2951	36977	16808
1000001	166	4529	2981	37363	16983
1000001	167	4576	3012	37749	17159
1000001	168	4622	3043	38135	17334
1000001	169	4669	3074	38521	17510
1000001	170	4716	3105	38907	17685
1000001	171	4763	3136	39293	17861
1000001	172	4810	3166	39679	18036
1000001	173	4856	3197	40065	18212
1000001	174	4903	3228	40451	18387
1000001	175	4950	3259	40838	18563
1000001	176	4997	3290	41224	18738
1000001	177	5044	3320	41610	18914
1000001	178	5090	3351	41996	19089
1000001	179	5137	3382	42382	19265
1000001	180	5184	3413	42768	19440
1000001	181	5231	3444	43154	19616
1000001	182	5278	3474	43540	19791
1000001	183	5324	3505	43926	19967
1000001	184	5371	3536	44312	20142
1000001	185	5418	3567	44699	20318
1000001	186	5465	3598	45085	20493
1000001	187	5512	3628	45471	20669
1000001	188	5558	3659	45857	20844
1000001	189	5605	3690	46243	21020
1000001	190	5652	3721	46629	21195
1000001	191	5699	3752	47015	21371
1000001	192	5746	3783	47401	21546
1000001	193	5792	3813	47787	21722
1000001	194	5839	3844	48173	21897
1000001	195	5886	3875	48560	22073
1000001	196	5933	3906	48946	22248
1000001	197	5980	3937	49332	22424
1000001	198	6026	3967	49718	22599
1000001	199	6073	3998	50104	22775
1000001	200	6120	4029	50490	22950
1000002	1	156	78	972	486
1000002	2	167	84	1044	522
1000002	3	179	89	1116	558
1000002	4	190	95	1188	594
1000002	5	202	101	1260	630
1000002	6	213	107	1332	666
1000002	7	225	112	1404	702
1000002	8	236	118	1476	738
1000002	9	248	124	1548	774
1000002	10	259	130	1620	810
1000002	11	272	136	1701	851
1000002	12	285	143	1782	891
1000002	13	298	149	1863	932
1000002	14	311	156	1944	972
1000002	15	324	162	2025	1013
1000002	16	337	168	2106	1053
1000002	17	350	175	2187	1094
1000002	18	363	181	2268	1134
1000002	19	376	188	2349	1175
1000002	20	389	194	2430	1215
1000002	21	403	202	2520	1260
1000002	22	418	209	2610	1305
1000002	23	432	216	2700	1350
1000002	24	446	223	2790	1395
1000002	25	461	230	2880	1440
1000002	26	475	238	2970	1485
1000002	27	490	245	3060	1530
1000002	28	504	252	3150	1575
1000002	29	518	259	3240	1620
1000002	30	533	266	3330	1665
1000002	31	549	274	3429	1715
1000002	32	564	282	3528	1764
1000002	33	580	290	3627	1814
1000002	34	596	298	3726	1863
1000002	35	612	306	3825	1913
1000002	36	628	314	3924	1962
1000002	37	644	322	4023	2012
1000002	38	660	330	4122	2061
1000002	39	675	338	4221	2111
1000002	40	691	346	4320	2160
1000002	41	708	354	4428	2214
1000002	42	726	363	4536	2268
1000002	43	743	372	4644	2322
1000002	44	760	380	4752	2376
1000002	45	778	389	4860	2430
1000002	46	795	397	4968	2484
1000002	47	812	406	5076	2538
1000002	48	829	415	5184	2592
1000002	49	847	423	5292	2646
1000002	50	864	432	5400	2700
1000002	51	883	441	5517	2759
1000002	52	901	451	5634	2817
1000002	53	920	460	5751	2876
1000002	54	939	469	5868	2934
1000002	55	958	479	5985	2993
1000002	56	976	488	6102	3051
1000002	57	995	498	6219	3110
1000002	58	1014	507	6336	3168
1000002	59	1032	516	6453	3227
1000002	60	1051	526	6570	3285
1000002	61	1071	536	6696	3348
1000002	62	1092	546	6822	3411
1000002	63	1112	556	6948	3474
1000002	64	1132	566	7074	3537
1000002	65	1152	576	7200	3600
1000002	66	1172	586	7326	3663
1000002	67	1192	596	7452	3726
1000002	68	1212	606	7578	3789
1000002	69	1233	616	7704	3852
1000002	70	1253	626	7830	3915
1000002	71	1274	637	7965	3983
1000002	72	1296	648	8100	4050
1000002	73	1318	659	8235	4118
1000002	74	1339	670	8370	4185
1000002	75	1361	680	8505	4253
1000002	76	1382	691	8640	4320
1000002	77	1404	702	8775	4388
1000002	78	1426	713	8910	4455
1000002	79	1447	724	9045	4523
1000002	80	1469	734	9180	4590
1000002	81	1496	748	9351	4676
1000002	82	1524	762	9522	4761
1000002	83	1551	775	9693	4847
1000002	84	1578	789	9864	4932
1000002	85	1606	803	10035	5018
1000002	86	1633	816	10206	5103
1000002	87	1660	830	10377	5189
1000002	88	1688	844	10548	5274
1000002	89	1715	858	10719	5360
1000002	90	1742	871	10890	5445
1000002	91	1776	888	11097	5549
1000002	92	1809	904	11304	5652
1000002	93	1842	921	11511	5756
1000002	94	1875	937	11718	5859
1000002	95	1908	954	11925	5963
1000002	96	1941	971	12132	6066
1000002	97	1974	987	12339	6170
1000002	98	2007	1004	12546	6273
1000002	99	2040	1020	12753	6377
1000002	100	2074	1037	12960	6480
1000002	101	2112	1056	13203	6602
1000002	102	2151	1076	13446	6723
1000002	103	2190	1095	13689	6845
1000002	104	2229	1115	13932	6966
1000002	105	2268	1134	14175	7088
1000002	106	2307	1153	14418	7209
1000002	107	2346	1173	14661	7331
1000002	108	2385	1192	14904	7452
1000002	109	2424	1212	15147	7574
1000002	110	2462	1231	15390	7695
1000002	111	2507	1254	15669	7835
1000002	112	2552	1276	15948	7974
1000002	113	2596	1298	16227	8114
1000002	114	2641	1320	16506	8253
1000002	115	2686	1343	16785	8393
1000002	116	2730	1365	17064	8532
1000002	117	2775	1387	17343	8672
1000002	118	2820	1410	17622	8811
1000002	119	2864	1432	17901	8951
1000002	120	2909	1454	18180	9090
1000002	121	2959	1480	18495	9248
1000002	122	3010	1505	18810	9405
1000002	123	3060	1530	19125	9563
1000002	124	3110	1555	19440	9720
1000002	125	3161	1580	19755	9878
1000002	126	3211	1606	20070	10035
1000002	127	3262	1631	20385	10193
1000002	128	3312	1656	20700	10350
1000002	129	3362	1681	21015	10508
1000002	130	3413	1706	21330	10665
1000002	131	3469	1734	21681	10841
1000002	132	3525	1763	22032	11016
1000002	133	3581	1791	22383	11192
1000002	134	3637	1819	22734	11367
1000002	135	3694	1847	23085	11543
1000002	136	3750	1875	23436	11718
1000002	137	3806	1903	23787	11894
1000002	138	3862	1931	24138	12069
1000002	139	3918	1959	24489	12245
1000002	140	3974	1987	24840	12420
1000002	141	4031	2015	25191	12596
1000002	142	4087	2043	25542	12771
1000002	143	4143	2071	25893	12947
1000002	144	4199	2100	26244	13122
1000002	145	4255	2128	26595	13298
1000002	146	4311	2156	26946	13473
1000002	147	4368	2184	27297	13649
1000002	148	4424	2212	27648	13824
1000002	149	4480	2240	27999	14000
1000002	150	4536	2268	28350	14175
1000002	151	4592	2296	28701	14351
1000002	152	4648	2324	29052	14526
1000002	153	4704	2352	29403	14702
1000002	154	4761	2380	29754	14877
1000002	155	4817	2408	30105	15053
1000002	156	4873	2436	30456	15228
1000002	157	4929	2465	30807	15404
1000002	158	4985	2493	31158	15579
1000002	159	5041	2521	31509	15755
1000002	160	5098	2549	31860	15930
1000002	161	5154	2577	32211	16106
1000002	162	5210	2605	32562	16281
1000002	163	5266	2633	32913	16457
1000002	164	5322	2661	33264	16632
1000002	165	5378	2689	33615	16808
1000002	166	5435	2717	33966	16983
1000002	167	5491	2745	34317	17159
1000002	168	5547	2773	34668	17334
1000002	169	5603	2802	35019	17510
1000002	170	5659	2830	35370	17685
1000002	171	5715	2858	35721	17861
1000002	172	5772	2886	36072	18036
1000002	173	5828	2914	36423	18212
1000002	174	5884	2942	36774	18387
1000002	175	5940	2970	37125	18563
1000002	176	5996	2998	37476	18738
1000002	177	6052	3026	37827	18914
1000002	178	6108	3054	38178	19089
1000002	179	6165	3082	38529	19265
1000002	180	6221	3110	38880	19440
1000002	181	6277	3138	39231	19616
1000002	182	6333	3167	39582	19791
1000002	183	6389	3195	39933	19967
1000002	184	6445	3223	40284	20142
1000002	185	6502	3251	40635	20318
1000002	186	6558	3279	40986	20493
1000002	187	6614	3307	41337	20669
1000002	188	6670	3335	41688	20844
1000002	189	6726	3363	42039	21020
1000002	190	6782	3391	42390	21195
1000002	191	6839	3419	42741	21371
1000002	192	6895	3447	43092	21546
1000002	193	6951	3475	43443	21722
1000002	194	7007	3504	43794	21897
1000002	195	7063	3532	44145	22073
1000002	196	7119	3560	44496	22248
1000002	197	7176	3588	44847	22424
1000002	198	7232	3616	45198	22599
1000002	199	7288	3644	45549	22775
1000002	200	7344	3672	45900	22950
1000003	1	173	114	1426	648
1000003	2	186	123	1531	696
1000003	3	198	131	1637	744
1000003	4	211	140	1742	792
1000003	5	224	148	1848	840
1000003	6	237	157	1954	888
1000003	7	250	165	2059	936
1000003	8	262	174	2165	984
1000003	9	275	182	2270	1032
1000003	10	288	191	2376	1080
1000003	11	302	200	2495	1134
1000003	12	317	210	2614	1188
1000003	13	331	219	2732	1242
1000003	14	346	229	2851	1296
1000003	15	360	239	2970	1350
1000003	16	374	248	3089	1404
1000003	17	389	258	3208	1458
1000003	18	403	267	3326	1512
1000003	19	418	277	3445	1566
1000003	20	432	286	3564	1620
1000003	21	448	297	3696	1680
1000003	22	464	307	3828	1740
1000003	23	480	318	3960	1800
1000003	24	496	329	4092	1860
1000003	25	512	339	4224	1920
1000003	26	528	350	4356	1980
1000003	27	544	360	4488	2040
1000003	28	560	371	4620	2100
1000003	29	576	382	4752	2160
1000003	30	592	392	4884	2220
1000003	31	610	404	5029	2286
1000003	32	627	416	5174	2352
1000003	33	645	427	5320	2418
1000003	34	662	439	5465	2484
1000003	35	680	451	5610	2550
1000003	36	698	462	5755	2616
1000003	37	715	474	5900	2682
1000003	38	733	485	6046	2748
1000003	39	750	497	6191	2814
1000003	40	768	509	6336	2880
1000003	41	787	522	6494	2952
1000003	42	806	534	6653	3024
1000003	43	826	547	6811	3096
1000003	44	845	560	6970	3168
1000003	45	864	572	7128	3240
1000003	46	883	585	7286	3312
1000003	47	902	598	7445	3384
1000003	48	922	611	7603	3456
1000003	49	941	623	7762	3528
1000003	50	960	636	7920	3600
1000003	51	981	650	8092	3678
1000003	52	1002	664	8263	3756
1000003	53	1022	677	8435	3834
1000003	54	1043	691	8606	3912
1000003	55	1064	705	8778	3990
1000003	56	1085	719	8950	4068
1000003	57	1106	732	9121	4146
1000003	58	1126	746	9293	4224
1000003	59	1147	760	9464	4302
1000003	60	1168	774	9636	4380
1000003	61	1190	789	9821	4464
1000003	62	1213	803	10006	4548
1000003	63	1235	818	10190	4632
1000003	64	1258	833	10375	4716
1000003	65	1280	848	10560	4800
1000003	66	1302	863	10745	4884
1000003	67	1325	878	10930	4968
1000003	68	1347	893	11114	5052
1000003	69	1370	907	11299	5136
1000003	70	1392	922	11484	5220
1000003	71	1416	938	11682	5310
1000003	72	1440	954	11880	5400
1000003	73	1464	970	12078	5490
1000003	74	1488	986	12276	5580
1000003	75	1512	1002	12474	5670
1000003	76	1536	1018	12672	5760
1000003	77	1560	1034	12870	5850
1000003	78	1584	1049	13068	5940
1000003	79	1608	1065	13266	6030
1000003	80	1632	1081	13464	6120
1000003	81	1662	1101	13715	6234
1000003	82	1693	1121	13966	6348
1000003	83	1723	1142	14216	6462
1000003	84	1754	1162	14467	6576
1000003	85	1784	1182	14718	6690
1000003	86	1814	1202	14969	6804
1000003	87	1845	1222	15220	6918
1000003	88	1875	1242	15470	7032
1000003	89	1906	1262	15721	7146
1000003	90	1936	1283	15972	7260
1000003	91	1973	1307	16276	7398
1000003	92	2010	1331	16579	7536
1000003	93	2046	1356	16883	7674
1000003	94	2083	1380	17186	7812
1000003	95	2120	1405	17490	7950
1000003	96	2157	1429	17794	8088
1000003	97	2194	1453	18097	8226
1000003	98	2230	1478	18401	8364
1000003	99	2267	1502	18704	8502
1000003	100	2304	1526	19008	8640
1000003	101	2347	1555	19364	8802
1000003	102	2390	1584	19721	8964
1000003	103	2434	1612	20077	9126
1000003	104	2477	1641	20434	9288
1000003	105	2520	1670	20790	9450
1000003	106	2563	1698	21146	9612
1000003	107	2606	1727	21503	9774
1000003	108	2650	1755	21859	9936
1000003	109	2693	1784	22216	10098
1000003	110	2736	1813	22572	10260
1000003	111	2786	1845	22981	10446
1000003	112	2835	1878	23390	10632
1000003	113	2885	1911	23800	10818
1000003	114	2934	1944	24209	11004
1000003	115	2984	1977	24618	11190
1000003	116	3034	2010	25027	11376
1000003	117	3083	2043	25436	11562
1000003	118	3133	2075	25846	11748
1000003	119	3182	2108	26255	11934
1000003	120	3232	2141	26664	12120
1000003	121	3288	2178	27126	12330
1000003	122	3344	2215	27588	12540
1000003	123	3400	2253	28050	12750
1000003	124	3456	2290	28512	12960
1000003	125	3512	2327	28974	13170
1000003	126	3568	2364	29436	13380
1000003	127	3624	2401	29898	13590
1000003	128	3680	2438	30360	13800
1000003	129	3736	2475	30822	14010
1000003	130	3792	2512	31284	14220
1000003	131	3854	2554	31799	14454
1000003	132	3917	2595	32314	14688
1000003	133	3979	2636	32828	14922
1000003	134	4042	2678	33343	15156
1000003	135	4104	2719	33858	15390
1000003	136	4166	2760	34373	15624
1000003	137	4229	2802	34888	15858
1000003	138	4291	2843	35402	16092
1000003	139	4354	2884	35917	16326
1000003	140	4416	2926	36432	16560
1000003	141	4478	2967	36947	16794
1000003	142	4541	3008	37462	17028
1000003	143	4603	3050	37976	17262
1000003	144	4666	3091	38491	17496
1000003	145	4728	3132	39006	17730
1000003	146	4790	3174	39521	17964
1000003	147	4853	3215	40036	18198
1000003	148	4915	3256	40550	18432
1000003	149	4978	3298	41065	18666
1000003	150	5040	3339	41580	18900
1000003	151	5102	3380	42095	19134
1000003	152	5165	3422	42610	19368
1000003	153	5227	3463	43124	19602
1000003	154	5290	3504	43639	19836
1000003	155	5352	3546	44154	20070
1000003	156	5414	3587	44669	20304
1000003	157	5477	3628	45184	20538
1000003	158	5539	3670	45698	20772
1000003	159	5602	3711	46213	21006
1000003	160	5664	3752	46728	21240
1000003	161	5726	3794	47243	21474
1000003	162	5789	3835	47758	21708
1000003	163	5851	3876	48272	21942
1000003	164	5914	3918	48787	22176
1000003	165	5976	3959	49302	22410
1000003	166	6038	4000	49817	22644
1000003	167	6101	4042	50332	22878
1000003	168	6163	4083	50846	23112
1000003	169	6226	4124	51361	23346
1000003	170	6288	4166	51876	23580
1000003	171	6350	4207	52391	23814
1000003	172	6413	4248	52906	24048
1000003	173	6475	4290	53420	24282
1000003	174	6538	4331	53935	24516
1000003	175	6600	4373	54450	24750
1000003	176	6662	4414	54965	24984
1000003	177	6725	4455	55480	25218
1000003	178	6787	4497	55994	25452
1000003	179	6850	4538	56509	25686
1000003	180	6912	4579	57024	25920
1000003	181	6974	4621	57539	26154
1000003	182	7037	4662	58054	26388
1000003	183	7099	4703	58568	26622
1000003	184	7162	4745	59083	26856
1000003	185	7224	4786	59598	27090
1000003	186	7286	4827	60113	27324
1000003	187	7349	4869	60628	27558
1000003	188	7411	4910	61142	27792
1000003	189	7474	4951	61657	28026
1000003	190	7536	4993	62172	28260
1000003	191	7598	5034	62687	28494
1000003	192	7661	5075	63202	28728
1000003	193	7723	5117	63716	28962
1000003	194	7786	5158	64231	29196
1000003	195	7848	5199	64746	29430
1000003	196	7910	5241	65261	29664
1000003	197	7973	5282	65776	29898
1000003	198	8035	5323	66290	30132
1000003	199	8098	5365	66805	30366
1000003	200	8160	5406	67320	30600
1000004	1	173	156	1944	810
1000004	2	186	167	2088	870
1000004	3	198	179	2232	930
1000004	4	211	190	2376	990
1000004	5	224	202	2520	1050
1000004	6	237	213	2664	1110
1000004	7	250	225	2808	1170
1000004	8	262	236	2952	1230
1000004	9	275	248	3096	1290
1000004	10	288	259	3240	1350
1000004	11	302	272	3402	1418
1000004	12	317	285	3564	1485
1000004	13	331	298	3726	1553
1000004	14	346	311	3888	1620
1000004	15	360	324	4050	1688
1000004	16	374	337	4212	1755
1000004	17	389	350	4374	1823
1000004	18	403	363	4536	1890
1000004	19	418	376	4698	1958
1000004	20	432	389	4860	2025
1000004	21	448	403	5040	2100
1000004	22	464	418	5220	2175
1000004	23	480	432	5400	2250
1000004	24	496	446	5580	2325
1000004	25	512	461	5760	2400
1000004	26	528	475	5940	2475
1000004	27	544	490	6120	2550
1000004	28	560	504	6300	2625
1000004	29	576	518	6480	2700
1000004	30	592	533	6660	2775
1000004	31	610	549	6858	2858
1000004	32	627	564	7056	2940
1000004	33	645	580	7254	3023
1000004	34	662	596	7452	3105
1000004	35	680	612	7650	3188
1000004	36	698	628	7848	3270
1000004	37	715	644	8046	3353
1000004	38	733	660	8244	3435
1000004	39	750	675	8442	3518
1000004	40	768	691	8640	3600
1000004	41	787	708	8856	3690
1000004	42	806	726	9072	3780
1000004	43	826	743	9288	3870
1000004	44	845	760	9504	3960
1000004	45	864	778	9720	4050
1000004	46	883	795	9936	4140
1000004	47	902	812	10152	4230
1000004	48	922	829	10368	4320
1000004	49	941	847	10584	4410
1000004	50	960	864	10800	4500
1000004	51	981	883	11034	4598
1000004	52	1002	901	11268	4695
1000004	53	1022	920	11502	4793
1000004	54	1043	939	11736	4890
1000004	55	1064	958	11970	4988
1000004	56	1085	976	12204	5085
1000004	57	1106	995	12438	5183
1000004	58	1126	1014	12672	5280
1000004	59	1147	1032	12906	5378
1000004	60	1168	1051	13140	5475
1000004	61	1190	1071	13392	5580
1000004	62	1213	1092	13644	5685
1000004	63	1235	1112	13896	5790
1000004	64	1258	1132	14148	5895
1000004	65	1280	1152	14400	6000
1000004	66	1302	1172	14652	6105
1000004	67	1325	1192	14904	6210
1000004	68	1347	1212	15156	6315
1000004	69	1370	1233	15408	6420
1000004	70	1392	1253	15660	6525
1000004	71	1416	1274	15930	6638
1000004	72	1440	1296	16200	6750
1000004	73	1464	1318	16470	6863
1000004	74	1488	1339	16740	6975
1000004	75	1512	1361	17010	7088
1000004	76	1536	1382	17280	7200
1000004	77	1560	1404	17550	7313
1000004	78	1584	1426	17820	7425
1000004	79	1608	1447	18090	7538
1000004	80	1632	1469	18360	7650
1000004	81	1662	1496	18702	7793
1000004	82	1693	1524	19044	7935
1000004	83	1723	1551	19386	8078
1000004	84	1754	1578	19728	8220
1000004	85	1784	1606	20070	8363
1000004	86	1814	1633	20412	8505
1000004	87	1845	1660	20754	8648
1000004	88	1875	1688	21096	8790
1000004	89	1906	1715	21438	8933
1000004	90	1936	1742	21780	9075
1000004	91	1973	1776	22194	9248
1000004	92	2010	1809	22608	9420
1000004	93	2046	1842	23022	9593
1000004	94	2083	1875	23436	9765
1000004	95	2120	1908	23850	9938
1000004	96	2157	1941	24264	10110
1000004	97	2194	1974	24678	10283
1000004	98	2230	2007	25092	10455
1000004	99	2267	2040	25506	10628
1000004	100	2304	2074	25920	10800
1000004	101	2347	2112	26406	11003
1000004	102	2390	2151	26892	11205
1000004	103	2434	2190	27378	11408
1000004	104	2477	2229	27864	11610
1000004	105	2520	2268	28350	11813
1000004	106	2563	2307	28836	12015
1000004	107	2606	2346	29322	12218
1000004	108	2650	2385	29808	12420
1000004	109	2693	2424	30294	12623
1000004	110	2736	2462	30780	12825
1000004	111	2786	2507	31338	13058
1000004	112	2835	2552	31896	13290
1000004	113	2885	2596	32454	13523
1000004	114	2934	2641	33012	13755
1000004	115	2984	2686	33570	13988
1000004	116	3034	2730	34128	14220
1000004	117	3083	2775	34686	14453
1000004	118	3133	2820	35244	14685
1000004	119	3182	2864	35802	14918
1000004	120	3232	2909	36360	15150
1000004	121	3288	2959	36990	15413
1000004	122	3344	3010	37620	15675
1000004	123	3400	3060	38250	15938
1000004	124	3456	3110	38880	16200
1000004	125	3512	3161	39510	16463
1000004	126	3568	3211	40140	16725
1000004	127	3624	3262	40770	16988
1000004	128	3680	3312	41400	17250
1000004	129	3736	3362	42030	17513
1000004	130	3792	3413	42660	17775
1000004	131	3854	3469	43362	18068
1000004	132	3917	3525	44064	18360
1000004	133	3979	3581	44766	18653
1000004	134	4042	3637	45468	18945
1000004	135	4104	3694	46170	19238
1000004	136	4166	3750	46872	19530
1000004	137	4229	3806	47574	19823
1000004	138	4291	3862	48276	20115
1000004	139	4354	3918	48978	20408
1000004	140	4416	3974	49680	20700
1000004	141	4478	4031	50382	20993
1000004	142	4541	4087	51084	21285
1000004	143	4603	4143	51786	21578
1000004	144	4666	4199	52488	21870
1000004	145	4728	4255	53190	22163
1000004	146	4790	4311	53892	22455
1000004	147	4853	4368	54594	22748
1000004	148	4915	4424	55296	23040
1000004	149	4978	4480	55998	23333
1000004	150	5040	4536	56700	23625
1000004	151	5102	4592	57402	23918
1000004	152	5165	4648	58104	24210
1000004	153	5227	4704	58806	24503
1000004	154	5290	4761	59508	24795
1000004	155	5352	4817	60210	25088
1000004	156	5414	4873	60912	25380
1000004	157	5477	4929	61614	25673
1000004	158	5539	4985	62316	25965
1000004	159	5602	5041	63018	26258
1000004	160	5664	5098	63720	26550
1000004	161	5726	5154	64422	26843
1000004	162	5789	5210	65124	27135
1000004	163	5851	5266	65826	27428
1000004	164	5914	5322	66528	27720
1000004	165	5976	5378	67230	28013
1000004	166	6038	5435	67932	28305
1000004	167	6101	5491	68634	28598
1000004	168	6163	5547	69336	28890
1000004	169	6226	5603	70038	29183
1000004	170	6288	5659	70740	29475
1000004	171	6350	5715	71442	29768
1000004	172	6413	5772	72144	30060
1000004	173	6475	5828	72846	30353
1000004	174	6538	5884	73548	30645
1000004	175	6600	5940	74250	30938
1000004	176	6662	5996	74952	31230
1000004	177	6725	6052	75654	31523
1000004	178	6787	6108	76356	31815
1000004	179	6850	6165	77058	32108
1000004	180	6912	6221	77760	32400
1000004	181	6974	6277	78462	32693
1000004	182	7037	6333	79164	32985
1000004	183	7099	6389	79866	33278
1000004	184	7162	6445	80568	33570
1000004	185	7224	6502	81270	33863
1000004	186	7286	6558	81972	34155
1000004	187	7349	6614	82674	34448
1000004	188	7411	6670	83376	34740
1000004	189	7474	6726	84078	35033
1000004	190	7536	6782	84780	35325
1000004	191	7598	6839	85482	35618
1000004	192	7661	6895	86184	35910
1000004	193	7723	6951	86886	36203
1000004	194	7786	7007	87588	36495
1000004	195	7848	7063	88290	36788
1000004	196	7910	7119	88992	37080
1000004	197	7973	7176	89694	37373
1000004	198	8035	7232	90396	37665
1000004	199	8098	7288	91098	37958
1000004	200	8160	7344	91800	38250
1000005	1	259	130	1620	810
1000005	2	278	139	1740	870
1000005	3	298	149	1860	930
1000005	4	317	158	1980	990
1000005	5	336	168	2100	1050
1000005	6	355	178	2220	1110
1000005	7	374	187	2340	1170
1000005	8	394	197	2460	1230
1000005	9	413	206	2580	1290
1000005	10	432	216	2700	1350
1000005	11	454	227	2835	1418
1000005	12	475	238	2970	1485
1000005	13	497	248	3105	1553
1000005	14	518	259	3240	1620
1000005	15	540	270	3375	1688
1000005	16	562	281	3510	1755
1000005	17	583	292	3645	1823
1000005	18	605	302	3780	1890
1000005	19	626	313	3915	1958
1000005	20	648	324	4050	2025
1000005	21	672	336	4200	2100
1000005	22	696	348	4350	2175
1000005	23	720	360	4500	2250
1000005	24	744	372	4650	2325
1000005	25	768	384	4800	2400
1000005	26	792	396	4950	2475
1000005	27	816	408	5100	2550
1000005	28	840	420	5250	2625
1000005	29	864	432	5400	2700
1000005	30	888	444	5550	2775
1000005	31	914	457	5715	2858
1000005	32	941	470	5880	2940
1000005	33	967	484	6045	3023
1000005	34	994	497	6210	3105
1000005	35	1020	510	6375	3188
1000005	36	1046	523	6540	3270
1000005	37	1073	536	6705	3353
1000005	38	1099	550	6870	3435
1000005	39	1126	563	7035	3518
1000005	40	1152	576	7200	3600
1000005	41	1181	590	7380	3690
1000005	42	1210	605	7560	3780
1000005	43	1238	619	7740	3870
1000005	44	1267	634	7920	3960
1000005	45	1296	648	8100	4050
1000005	46	1325	662	8280	4140
1000005	47	1354	677	8460	4230
1000005	48	1382	691	8640	4320
1000005	49	1411	706	8820	4410
1000005	50	1440	720	9000	4500
1000005	51	1471	736	9195	4598
1000005	52	1502	751	9390	4695
1000005	53	1534	767	9585	4793
1000005	54	1565	782	9780	4890
1000005	55	1596	798	9975	4988
1000005	56	1627	814	10170	5085
1000005	57	1658	829	10365	5183
1000005	58	1690	845	10560	5280
1000005	59	1721	860	10755	5378
1000005	60	1752	876	10950	5475
1000005	61	1786	893	11160	5580
1000005	62	1819	910	11370	5685
1000005	63	1853	926	11580	5790
1000005	64	1886	943	11790	5895
1000005	65	1920	960	12000	6000
1000005	66	1954	977	12210	6105
1000005	67	1987	994	12420	6210
1000005	68	2021	1010	12630	6315
1000005	69	2054	1027	12840	6420
1000005	70	2088	1044	13050	6525
1000005	71	2124	1062	13275	6638
1000005	72	2160	1080	13500	6750
1000005	73	2196	1098	13725	6863
1000005	74	2232	1116	13950	6975
1000005	75	2268	1134	14175	7088
1000005	76	2304	1152	14400	7200
1000005	77	2340	1170	14625	7313
1000005	78	2376	1188	14850	7425
1000005	79	2412	1206	15075	7538
1000005	80	2448	1224	15300	7650
1000005	81	2494	1247	15585	7793
1000005	82	2539	1270	15870	7935
1000005	83	2585	1292	16155	8078
1000005	84	2630	1315	16440	8220
1000005	85	2676	1338	16725	8363
1000005	86	2722	1361	17010	8505
1000005	87	2767	1384	17295	8648
1000005	88	2813	1406	17580	8790
1000005	89	2858	1429	17865	8933
1000005	90	2904	1452	18150	9075
1000005	91	2959	1480	18495	9248
1000005	92	3014	1507	18840	9420
1000005	93	3070	1535	19185	9593
1000005	94	3125	1562	19530	9765
1000005	95	3180	1590	19875	9938
1000005	96	3235	1618	20220	10110
1000005	97	3290	1645	20565	10283
1000005	98	3346	1673	20910	10455
1000005	99	3401	1700	21255	10628
1000005	100	3456	1728	21600	10800
1000005	101	3521	1760	22005	11003
1000005	102	3586	1793	22410	11205
1000005	103	3650	1825	22815	11408
1000005	104	3715	1858	23220	11610
1000005	105	3780	1890	23625	11813
1000005	106	3845	1922	24030	12015
1000005	107	3910	1955	24435	12218
1000005	108	3974	1987	24840	12420
1000005	109	4039	2020	25245	12623
1000005	110	4104	2052	25650	12825
1000005	111	4178	2089	26115	13058
1000005	112	4253	2126	26580	13290
1000005	113	4327	2164	27045	13523
1000005	114	4402	2201	27510	13755
1000005	115	4476	2238	27975	13988
1000005	116	4550	2275	28440	14220
1000005	117	4625	2312	28905	14453
1000005	118	4699	2350	29370	14685
1000005	119	4774	2387	29835	14918
1000005	120	4848	2424	30300	15150
1000005	121	4932	2466	30825	15413
1000005	122	5016	2508	31350	15675
1000005	123	5100	2550	31875	15938
1000005	124	5184	2592	32400	16200
1000005	125	5268	2634	32925	16463
1000005	126	5352	2676	33450	16725
1000005	127	5436	2718	33975	16988
1000005	128	5520	2760	34500	17250
1000005	129	5604	2802	35025	17513
1000005	130	5688	2844	35550	17775
1000005	131	5782	2891	36135	18068
1000005	132	5875	2938	36720	18360
1000005	133	5969	2984	37305	18653
1000005	134	6062	3031	37890	18945
1000005	135	6156	3078	38475	19238
1000005	136	6250	3125	39060	19530
1000005	137	6343	3172	39645	19823
1000005	138	6437	3218	40230	20115
1000005	139	6530	3265	40815	20408
1000005	140	6624	3312	41400	20700
1000005	141	6718	3359	41985	20993
1000005	142	6811	3406	42570	21285
1000005	143	6905	3452	43155	21578
1000005	144	6998	3499	43740	21870
1000005	145	7092	3546	44325	22163
1000005	146	7186	3593	44910	22455
1000005	147	7279	3640	45495	22748
1000005	148	7373	3686	46080	23040
1000005	149	7466	3733	46665	23333
1000005	150	7560	3780	47250	23625
1000005	151	7654	3827	47835	23918
1000005	152	7747	3874	48420	24210
1000005	153	7841	3920	49005	24503
1000005	154	7934	3967	49590	24795
1000005	155	8028	4014	50175	25088
1000005	156	8122	4061	50760	25380
1000005	157	8215	4108	51345	25673
1000005	158	8309	4154	51930	25965
1000005	159	8402	4201	52515	26258
1000005	160	8496	4248	53100	26550
1000005	161	8590	4295	53685	26843
1000005	162	8683	4342	54270	27135
1000005	163	8777	4388	54855	27428
1000005	164	8870	4435	55440	27720
1000005	165	8964	4482	56025	28013
1000005	166	9058	4529	56610	28305
1000005	167	9151	4576	57195	28598
1000005	168	9245	4622	57780	28890
1000005	169	9338	4669	58365	29183
1000005	170	9432	4716	58950	29475
1000005	171	9526	4763	59535	29768
1000005	172	9619	4810	60120	30060
1000005	173	9713	4856	60705	30353
1000005	174	9806	4903	61290	30645
1000005	175	9900	4950	61875	30938
1000005	176	9994	4997	62460	31230
1000005	177	10087	5044	63045	31523
1000005	178	10181	5090	63630	31815
1000005	179	10274	5137	64215	32108
1000005	180	10368	5184	64800	32400
1000005	181	10462	5231	65385	32693
1000005	182	10555	5278	65970	32985
1000005	183	10649	5324	66555	33278
1000005	184	10742	5371	67140	33570
1000005	185	10836	5418	67725	33863
1000005	186	10930	5465	68310	34155
1000005	187	11023	5512	68895	34448
1000005	188	11117	5558	69480	34740
1000005	189	11210	5605	70065	35033
1000005	190	11304	5652	70650	35325
1000005	191	11398	5699	71235	35618
1000005	192	11491	5746	71820	35910
1000005	193	11585	5792	72405	36203
1000005	194	11678	5839	72990	36495
1000005	195	11772	5886	73575	36788
1000005	196	11866	5933	74160	37080
1000005	197	11959	5980	74745	37373
1000005	198	12053	6026	75330	37665
1000005	199	12146	6073	75915	37958
1000005	200	12240	6120	76500	38250
1000006	1	216	143	1782	810
1000006	2	232	153	1914	870
1000006	3	248	164	2046	930
1000006	4	264	174	2178	990
1000006	5	280	185	2310	1050
1000006	6	296	195	2442	1110
1000006	7	312	206	2574	1170
1000006	8	328	216	2706	1230
1000006	9	344	227	2838	1290
1000006	10	360	238	2970	1350
1000006	11	378	249	3119	1418
1000006	12	396	261	3267	1485
1000006	13	414	273	3416	1553
1000006	14	432	285	3564	1620
1000006	15	450	297	3713	1688
1000006	16	468	309	3861	1755
1000006	17	486	321	4010	1823
1000006	18	504	333	4158	1890
1000006	19	522	345	4307	1958
1000006	20	540	356	4455	2025
1000006	21	560	370	4620	2100
1000006	22	580	383	4785	2175
1000006	23	600	396	4950	2250
1000006	24	620	409	5115	2325
1000006	25	640	422	5280	2400
1000006	26	660	436	5445	2475
1000006	27	680	449	5610	2550
1000006	28	700	462	5775	2625
1000006	29	720	475	5940	2700
1000006	30	740	488	6105	2775
1000006	31	762	503	6287	2858
1000006	32	784	517	6468	2940
1000006	33	806	532	6650	3023
1000006	34	828	546	6831	3105
1000006	35	850	561	7013	3188
1000006	36	872	576	7194	3270
1000006	37	894	590	7376	3353
1000006	38	916	605	7557	3435
1000006	39	938	619	7739	3518
1000006	40	960	634	7920	3600
1000006	41	984	649	8118	3690
1000006	42	1008	665	8316	3780
1000006	43	1032	681	8514	3870
1000006	44	1056	697	8712	3960
1000006	45	1080	713	8910	4050
1000006	46	1104	729	9108	4140
1000006	47	1128	744	9306	4230
1000006	48	1152	760	9504	4320
1000006	49	1176	776	9702	4410
1000006	50	1200	792	9900	4500
1000006	51	1226	809	10115	4598
1000006	52	1252	826	10329	4695
1000006	53	1278	843	10544	4793
1000006	54	1304	861	10758	4890
1000006	55	1330	878	10973	4988
1000006	56	1356	895	11187	5085
1000006	57	1382	912	11402	5183
1000006	58	1408	929	11616	5280
1000006	59	1434	946	11831	5378
1000006	60	1460	964	12045	5475
1000006	61	1488	982	12276	5580
1000006	62	1516	1001	12507	5685
1000006	63	1544	1019	12738	5790
1000006	64	1572	1038	12969	5895
1000006	65	1600	1056	13200	6000
1000006	66	1628	1074	13431	6105
1000006	67	1656	1093	13662	6210
1000006	68	1684	1111	13893	6315
1000006	69	1712	1130	14124	6420
1000006	70	1740	1148	14355	6525
1000006	71	1770	1168	14603	6638
1000006	72	1800	1188	14850	6750
1000006	73	1830	1208	15098	6863
1000006	74	1860	1228	15345	6975
1000006	75	1890	1247	15593	7088
1000006	76	1920	1267	15840	7200
1000006	77	1950	1287	16088	7313
1000006	78	1980	1307	16335	7425
1000006	79	2010	1327	16583	7538
1000006	80	2040	1346	16830	7650
1000006	81	2078	1371	17144	7793
1000006	82	2116	1397	17457	7935
1000006	83	2154	1422	17771	8078
1000006	84	2192	1447	18084	8220
1000006	85	2230	1472	18398	8363
1000006	86	2268	1497	18711	8505
1000006	87	2306	1522	19025	8648
1000006	88	2344	1547	19338	8790
1000006	89	2382	1572	19652	8933
1000006	90	2420	1597	19965	9075
1000006	91	2466	1628	20345	9248
1000006	92	2512	1658	20724	9420
1000006	93	2558	1688	21104	9593
1000006	94	2604	1719	21483	9765
1000006	95	2650	1749	21863	9938
1000006	96	2696	1779	22242	10110
1000006	97	2742	1810	22622	10283
1000006	98	2788	1840	23001	10455
1000006	99	2834	1870	23381	10628
1000006	100	2880	1901	23760	10800
1000006	101	2934	1936	24206	11003
1000006	102	2988	1972	24651	11205
1000006	103	3042	2008	25097	11408
1000006	104	3096	2043	25542	11610
1000006	105	3150	2079	25988	11813
1000006	106	3204	2115	26433	12015
1000006	107	3258	2150	26879	12218
1000006	108	3312	2186	27324	12420
1000006	109	3366	2222	27770	12623
1000006	110	3420	2257	28215	12825
1000006	111	3482	2298	28727	13058
1000006	112	3544	2339	29238	13290
1000006	113	3606	2380	29750	13523
1000006	114	3668	2421	30261	13755
1000006	115	3730	2462	30773	13988
1000006	116	3792	2503	31284	14220
1000006	117	3854	2544	31796	14453
1000006	118	3916	2585	32307	14685
1000006	119	3978	2625	32819	14918
1000006	120	4040	2666	33330	15150
1000006	121	4110	2713	33908	15413
1000006	122	4180	2759	34485	15675
1000006	123	4250	2805	35063	15938
1000006	124	4320	2851	35640	16200
1000006	125	4390	2897	36218	16463
1000006	126	4460	2944	36795	16725
1000006	127	4530	2990	37373	16988
1000006	128	4600	3036	37950	17250
1000006	129	4670	3082	38528	17513
1000006	130	4740	3128	39105	17775
1000006	131	4818	3180	39749	18068
1000006	132	4896	3231	40392	18360
1000006	133	4974	3283	41036	18653
1000006	134	5052	3334	41679	18945
1000006	135	5130	3386	42323	19238
1000006	136	5208	3437	42966	19530
1000006	137	5286	3489	43610	19823
1000006	138	5364	3540	44253	20115
1000006	139	5442	3592	44897	20408
1000006	140	5520	3643	45540	20700
1000006	141	5598	3695	46184	20993
1000006	142	5676	3746	46827	21285
1000006	143	5754	3798	47471	21578
1000006	144	5832	3849	48114	21870
1000006	145	5910	3901	48758	22163
1000006	146	5988	3952	49401	22455
1000006	147	6066	4004	50045	22748
1000006	148	6144	4055	50688	23040
1000006	149	6222	4107	51332	23333
1000006	150	6300	4158	51975	23625
1000006	151	6378	4209	52619	23918
1000006	152	6456	4261	53262	24210
1000006	153	6534	4312	53906	24503
1000006	154	6612	4364	54549	24795
1000006	155	6690	4415	55193	25088
1000006	156	6768	4467	55836	25380
1000006	157	6846	4518	56480	25673
1000006	158	6924	4570	57123	25965
1000006	159	7002	4621	57767	26258
1000006	160	7080	4673	58410	26550
1000006	161	7158	4724	59054	26843
1000006	162	7236	4776	59697	27135
1000006	163	7314	4827	60341	27428
1000006	164	7392	4879	60984	27720
1000006	165	7470	4930	61628	28013
1000006	166	7548	4982	62271	28305
1000006	167	7626	5033	62915	28598
1000006	168	7704	5085	63558	28890
1000006	169	7782	5136	64202	29183
1000006	170	7860	5188	64845	29475
1000006	171	7938	5239	65489	29768
1000006	172	8016	5291	66132	30060
1000006	173	8094	5342	66776	30353
1000006	174	8172	5394	67419	30645
1000006	175	8250	5445	68063	30938
1000006	176	8328	5496	68706	31230
1000006	177	8406	5548	69350	31523
1000006	178	8484	5599	69993	31815
1000006	179	8562	5651	70637	32108
1000006	180	8640	5702	71280	32400
1000006	181	8718	5754	71924	32693
1000006	182	8796	5805	72567	32985
1000006	183	8874	5857	73211	33278
1000006	184	8952	5908	73854	33570
1000006	185	9030	5960	74498	33863
1000006	186	9108	6011	75141	34155
1000006	187	9186	6063	75785	34448
1000006	188	9264	6114	76428	34740
1000006	189	9342	6166	77072	35033
1000006	190	9420	6217	77715	35325
1000006	191	9498	6269	78359	35618
1000006	192	9576	6320	79002	35910
1000006	193	9654	6372	79646	36203
1000006	194	9732	6423	80289	36495
1000006	195	9810	6475	80933	36788
1000006	196	9888	6526	81576	37080
1000006	197	9966	6578	82220	37373
1000006	198	10044	6629	82863	37665
1000006	199	10122	6681	83507	37958
1000006	200	10200	6732	84150	38250
1000007	1	259	130	1296	810
1000007	2	278	139	1392	870
1000007	3	298	149	1488	930
1000007	4	317	158	1584	990
1000007	5	336	168	1680	1050
1000007	6	355	178	1776	1110
1000007	7	374	187	1872	1170
1000007	8	394	197	1968	1230
1000007	9	413	206	2064	1290
1000007	10	432	216	2160	1350
1000007	11	454	227	2268	1418
1000007	12	475	238	2376	1485
1000007	13	497	248	2484	1553
1000007	14	518	259	2592	1620
1000007	15	540	270	2700	1688
1000007	16	562	281	2808	1755
1000007	17	583	292	2916	1823
1000007	18	605	302	3024	1890
1000007	19	626	313	3132	1958
1000007	20	648	324	3240	2025
1000007	21	672	336	3360	2100
1000007	22	696	348	3480	2175
1000007	23	720	360	3600	2250
1000007	24	744	372	3720	2325
1000007	25	768	384	3840	2400
1000007	26	792	396	3960	2475
1000007	27	816	408	4080	2550
1000007	28	840	420	4200	2625
1000007	29	864	432	4320	2700
1000007	30	888	444	4440	2775
1000007	31	914	457	4572	2858
1000007	32	941	470	4704	2940
1000007	33	967	484	4836	3023
1000007	34	994	497	4968	3105
1000007	35	1020	510	5100	3188
1000007	36	1046	523	5232	3270
1000007	37	1073	536	5364	3353
1000007	38	1099	550	5496	3435
1000007	39	1126	563	5628	3518
1000007	40	1152	576	5760	3600
1000007	41	1181	590	5904	3690
1000007	42	1210	605	6048	3780
1000007	43	1238	619	6192	3870
1000007	44	1267	634	6336	3960
1000007	45	1296	648	6480	4050
1000007	46	1325	662	6624	4140
1000007	47	1354	677	6768	4230
1000007	48	1382	691	6912	4320
1000007	49	1411	706	7056	4410
1000007	50	1440	720	7200	4500
1000007	51	1471	736	7356	4598
1000007	52	1502	751	7512	4695
1000007	53	1534	767	7668	4793
1000007	54	1565	782	7824	4890
1000007	55	1596	798	7980	4988
1000007	56	1627	814	8136	5085
1000007	57	1658	829	8292	5183
1000007	58	1690	845	8448	5280
1000007	59	1721	860	8604	5378
1000007	60	1752	876	8760	5475
1000007	61	1786	893	8928	5580
1000007	62	1819	910	9096	5685
1000007	63	1853	926	9264	5790
1000007	64	1886	943	9432	5895
1000007	65	1920	960	9600	6000
1000007	66	1954	977	9768	6105
1000007	67	1987	994	9936	6210
1000007	68	2021	1010	10104	6315
1000007	69	2054	1027	10272	6420
1000007	70	2088	1044	10440	6525
1000007	71	2124	1062	10620	6638
1000007	72	2160	1080	10800	6750
1000007	73	2196	1098	10980	6863
1000007	74	2232	1116	11160	6975
1000007	75	2268	1134	11340	7088
1000007	76	2304	1152	11520	7200
1000007	77	2340	1170	11700	7313
1000007	78	2376	1188	11880	7425
1000007	79	2412	1206	12060	7538
1000007	80	2448	1224	12240	7650
1000007	81	2494	1247	12468	7793
1000007	82	2539	1270	12696	7935
1000007	83	2585	1292	12924	8078
1000007	84	2630	1315	13152	8220
1000007	85	2676	1338	13380	8363
1000007	86	2722	1361	13608	8505
1000007	87	2767	1384	13836	8648
1000007	88	2813	1406	14064	8790
1000007	89	2858	1429	14292	8933
1000007	90	2904	1452	14520	9075
1000007	91	2959	1480	14796	9248
1000007	92	3014	1507	15072	9420
1000007	93	3070	1535	15348	9593
1000007	94	3125	1562	15624	9765
1000007	95	3180	1590	15900	9938
1000007	96	3235	1618	16176	10110
1000007	97	3290	1645	16452	10283
1000007	98	3346	1673	16728	10455
1000007	99	3401	1700	17004	10628
1000007	100	3456	1728	17280	10800
1000007	101	3521	1760	17604	11003
1000007	102	3586	1793	17928	11205
1000007	103	3650	1825	18252	11408
1000007	104	3715	1858	18576	11610
1000007	105	3780	1890	18900	11813
1000007	106	3845	1922	19224	12015
1000007	107	3910	1955	19548	12218
1000007	108	3974	1987	19872	12420
1000007	109	4039	2020	20196	12623
1000007	110	4104	2052	20520	12825
1000007	111	4178	2089	20892	13058
1000007	112	4253	2126	21264	13290
1000007	113	4327	2164	21636	13523
1000007	114	4402	2201	22008	13755
1000007	115	4476	2238	22380	13988
1000007	116	4550	2275	22752	14220
1000007	117	4625	2312	23124	14453
1000007	118	4699	2350	23496	14685
1000007	119	4774	2387	23868	14918
1000007	120	4848	2424	24240	15150
1000007	121	4932	2466	24660	15413
1000007	122	5016	2508	25080	15675
1000007	123	5100	2550	25500	15938
1000007	124	5184	2592	25920	16200
1000007	125	5268	2634	26340	16463
1000007	126	5352	2676	26760	16725
1000007	127	5436	2718	27180	16988
1000007	128	5520	2760	27600	17250
1000007	129	5604	2802	28020	17513
1000007	130	5688	2844	28440	17775
1000007	131	5782	2891	28908	18068
1000007	132	5875	2938	29376	18360
1000007	133	5969	2984	29844	18653
1000007	134	6062	3031	30312	18945
1000007	135	6156	3078	30780	19238
1000007	136	6250	3125	31248	19530
1000007	137	6343	3172	31716	19823
1000007	138	6437	3218	32184	20115
1000007	139	6530	3265	32652	20408
1000007	140	6624	3312	33120	20700
1000007	141	6718	3359	33588	20993
1000007	142	6811	3406	34056	21285
1000007	143	6905	3452	34524	21578
1000007	144	6998	3499	34992	21870
1000007	145	7092	3546	35460	22163
1000007	146	7186	3593	35928	22455
1000007	147	7279	3640	36396	22748
1000007	148	7373	3686	36864	23040
1000007	149	7466	3733	37332	23333
1000007	150	7560	3780	37800	23625
1000007	151	7654	3827	38268	23918
1000007	152	7747	3874	38736	24210
1000007	153	7841	3920	39204	24503
1000007	154	7934	3967	39672	24795
1000007	155	8028	4014	40140	25088
1000007	156	8122	4061	40608	25380
1000007	157	8215	4108	41076	25673
1000007	158	8309	4154	41544	25965
1000007	159	8402	4201	42012	26258
1000007	160	8496	4248	42480	26550
1000007	161	8590	4295	42948	26843
1000007	162	8683	4342	43416	27135
1000007	163	8777	4388	43884	27428
1000007	164	8870	4435	44352	27720
1000007	165	8964	4482	44820	28013
1000007	166	9058	4529	45288	28305
1000007	167	9151	4576	45756	28598
1000007	168	9245	4622	46224	28890
1000007	169	9338	4669	46692	29183
1000007	170	9432	4716	47160	29475
1000007	171	9526	4763	47628	29768
1000007	172	9619	4810	48096	30060
1000007	173	9713	4856	48564	30353
1000007	174	9806	4903	49032	30645
1000007	175	9900	4950	49500	30938
1000007	176	9994	4997	49968	31230
1000007	177	10087	5044	50436	31523
1000007	178	10181	5090	50904	31815
1000007	179	10274	5137	51372	32108
1000007	180	10368	5184	51840	32400
1000007	181	10462	5231	52308	32693
1000007	182	10555	5278	52776	32985
1000007	183	10649	5324	53244	33278
1000007	184	10742	5371	53712	33570
1000007	185	10836	5418	54180	33863
1000007	186	10930	5465	54648	34155
1000007	187	11023	5512	55116	34448
1000007	188	11117	5558	55584	34740
1000007	189	11210	5605	56052	35033
1000007	190	11304	5652	56520	35325
1000007	191	11398	5699	56988	35618
1000007	192	11491	5746	57456	35910
1000007	193	11585	5792	57924	36203
1000007	194	11678	5839	58392	36495
1000007	195	11772	5886	58860	36788
1000007	196	11866	5933	59328	37080
1000007	197	11959	5980	59796	37373
1000007	198	12053	6026	60264	37665
1000007	199	12146	6073	60732	37958
1000007	200	12240	6120	61200	38250
1000008	1	281	117	1296	810
1000008	2	302	125	1392	870
1000008	3	322	134	1488	930
1000008	4	343	143	1584	990
1000008	5	364	151	1680	1050
1000008	6	385	160	1776	1110
1000008	7	406	168	1872	1170
1000008	8	426	177	1968	1230
1000008	9	447	186	2064	1290
1000008	10	468	194	2160	1350
1000008	11	491	204	2268	1418
1000008	12	515	214	2376	1485
1000008	13	538	224	2484	1553
1000008	14	562	233	2592	1620
1000008	15	585	243	2700	1688
1000008	16	608	253	2808	1755
1000008	17	632	262	2916	1823
1000008	18	655	272	3024	1890
1000008	19	679	282	3132	1958
1000008	20	702	292	3240	2025
1000008	21	728	302	3360	2100
1000008	22	754	313	3480	2175
1000008	23	780	324	3600	2250
1000008	24	806	335	3720	2325
1000008	25	832	346	3840	2400
1000008	26	858	356	3960	2475
1000008	27	884	367	4080	2550
1000008	28	910	378	4200	2625
1000008	29	936	389	4320	2700
1000008	30	962	400	4440	2775
1000008	31	991	411	4572	2858
1000008	32	1019	423	4704	2940
1000008	33	1048	435	4836	3023
1000008	34	1076	447	4968	3105
1000008	35	1105	459	5100	3188
1000008	36	1134	471	5232	3270
1000008	37	1162	483	5364	3353
1000008	38	1191	495	5496	3435
1000008	39	1219	507	5628	3518
1000008	40	1248	518	5760	3600
1000008	41	1279	531	5904	3690
1000008	42	1310	544	6048	3780
1000008	43	1342	557	6192	3870
1000008	44	1373	570	6336	3960
1000008	45	1404	583	6480	4050
1000008	46	1435	596	6624	4140
1000008	47	1466	609	6768	4230
1000008	48	1498	622	6912	4320
1000008	49	1529	635	7056	4410
1000008	50	1560	648	7200	4500
1000008	51	1594	662	7356	4598
1000008	52	1628	676	7512	4695
1000008	53	1661	690	7668	4793
1000008	54	1695	704	7824	4890
1000008	55	1729	718	7980	4988
1000008	56	1763	732	8136	5085
1000008	57	1797	746	8292	5183
1000008	58	1830	760	8448	5280
1000008	59	1864	774	8604	5378
1000008	60	1898	788	8760	5475
1000008	61	1934	804	8928	5580
1000008	62	1971	819	9096	5685
1000008	63	2007	834	9264	5790
1000008	64	2044	849	9432	5895
1000008	65	2080	864	9600	6000
1000008	66	2116	879	9768	6105
1000008	67	2153	894	9936	6210
1000008	68	2189	909	10104	6315
1000008	69	2226	924	10272	6420
1000008	70	2262	940	10440	6525
1000008	71	2301	956	10620	6638
1000008	72	2340	972	10800	6750
1000008	73	2379	988	10980	6863
1000008	74	2418	1004	11160	6975
1000008	75	2457	1021	11340	7088
1000008	76	2496	1037	11520	7200
1000008	77	2535	1053	11700	7313
1000008	78	2574	1069	11880	7425
1000008	79	2613	1085	12060	7538
1000008	80	2652	1102	12240	7650
1000008	81	2701	1122	12468	7793
1000008	82	2751	1143	12696	7935
1000008	83	2800	1163	12924	8078
1000008	84	2850	1184	13152	8220
1000008	85	2899	1204	13380	8363
1000008	86	2948	1225	13608	8505
1000008	87	2998	1245	13836	8648
1000008	88	3047	1266	14064	8790
1000008	89	3097	1286	14292	8933
1000008	90	3146	1307	14520	9075
1000008	91	3206	1332	14796	9248
1000008	92	3266	1356	15072	9420
1000008	93	3325	1381	15348	9593
1000008	94	3385	1406	15624	9765
1000008	95	3445	1431	15900	9938
1000008	96	3505	1456	16176	10110
1000008	97	3565	1481	16452	10283
1000008	98	3624	1506	16728	10455
1000008	99	3684	1530	17004	10628
1000008	100	3744	1555	17280	10800
1000008	101	3814	1584	17604	11003
1000008	102	3884	1614	17928	11205
1000008	103	3955	1643	18252	11408
1000008	104	4025	1672	18576	11610
1000008	105	4095	1701	18900	11813
1000008	106	4165	1730	19224	12015
1000008	107	4235	1759	19548	12218
1000008	108	4306	1788	19872	12420
1000008	109	4376	1818	20196	12623
1000008	110	4446	1847	20520	12825
1000008	111	4527	1880	20892	13058
1000008	112	4607	1914	21264	13290
1000008	113	4688	1947	21636	13523
1000008	114	4768	1981	22008	13755
1000008	115	4849	2014	22380	13988
1000008	116	4930	2048	22752	14220
1000008	117	5010	2081	23124	14453
1000008	118	5091	2115	23496	14685
1000008	119	5171	2148	23868	14918
1000008	120	5252	2182	24240	15150
1000008	121	5343	2219	24660	15413
1000008	122	5434	2257	25080	15675
1000008	123	5525	2295	25500	15938
1000008	124	5616	2333	25920	16200
1000008	125	5707	2371	26340	16463
1000008	126	5798	2408	26760	16725
1000008	127	5889	2446	27180	16988
1000008	128	5980	2484	27600	17250
1000008	129	6071	2522	28020	17513
1000008	130	6162	2560	28440	17775
1000008	131	6263	2602	28908	18068
1000008	132	6365	2644	29376	18360
1000008	133	6466	2686	29844	18653
1000008	134	6568	2728	30312	18945
1000008	135	6669	2770	30780	19238
1000008	136	6770	2812	31248	19530
1000008	137	6872	2854	31716	19823
1000008	138	6973	2897	32184	20115
1000008	139	7075	2939	32652	20408
1000008	140	7176	2981	33120	20700
1000008	141	7277	3023	33588	20993
1000008	142	7379	3065	34056	21285
1000008	143	7480	3107	34524	21578
1000008	144	7582	3149	34992	21870
1000008	145	7683	3191	35460	22163
1000008	146	7784	3234	35928	22455
1000008	147	7886	3276	36396	22748
1000008	148	7987	3318	36864	23040
1000008	149	8089	3360	37332	23333
1000008	150	8190	3402	37800	23625
1000008	151	8291	3444	38268	23918
1000008	152	8393	3486	38736	24210
1000008	153	8494	3528	39204	24503
1000008	154	8596	3570	39672	24795
1000008	155	8697	3613	40140	25088
1000008	156	8798	3655	40608	25380
1000008	157	8900	3697	41076	25673
1000008	158	9001	3739	41544	25965
1000008	159	9103	3781	42012	26258
1000008	160	9204	3823	42480	26550
1000008	161	9305	3865	42948	26843
1000008	162	9407	3907	43416	27135
1000008	163	9508	3950	43884	27428
1000008	164	9610	3992	44352	27720
1000008	165	9711	4034	44820	28013
1000008	166	9812	4076	45288	28305
1000008	167	9914	4118	45756	28598
1000008	168	10015	4160	46224	28890
1000008	169	10117	4202	46692	29183
1000008	170	10218	4244	47160	29475
1000008	171	10319	4287	47628	29768
1000008	172	10421	4329	48096	30060
1000008	173	10522	4371	48564	30353
1000008	174	10624	4413	49032	30645
1000008	175	10725	4455	49500	30938
1000008	176	10826	4497	49968	31230
1000008	177	10928	4539	50436	31523
1000008	178	11029	4581	50904	31815
1000008	179	11131	4623	51372	32108
1000008	180	11232	4666	51840	32400
1000008	181	11333	4708	52308	32693
1000008	182	11435	4750	52776	32985
1000008	183	11536	4792	53244	33278
1000008	184	11638	4834	53712	33570
1000008	185	11739	4876	54180	33863
1000008	186	11840	4918	54648	34155
1000008	187	11942	4960	55116	34448
1000008	188	12043	5003	55584	34740
1000008	189	12145	5045	56052	35033
1000008	190	12246	5087	56520	35325
1000008	191	12347	5129	56988	35618
1000008	192	12449	5171	57456	35910
1000008	193	12550	5213	57924	36203
1000008	194	12652	5255	58392	36495
1000008	195	12753	5297	58860	36788
1000008	196	12854	5340	59328	37080
1000008	197	12956	5382	59796	37373
1000008	198	13057	5424	60264	37665
1000008	199	13159	5466	60732	37958
1000008	200	13260	5508	61200	38250
1000009	1	281	117	1296	810
1000009	2	302	125	1392	870
1000009	3	322	134	1488	930
1000009	4	343	143	1584	990
1000009	5	364	151	1680	1050
1000009	6	385	160	1776	1110
1000009	7	406	168	1872	1170
1000009	8	426	177	1968	1230
1000009	9	447	186	2064	1290
1000009	10	468	194	2160	1350
1000009	11	491	204	2268	1418
1000009	12	515	214	2376	1485
1000009	13	538	224	2484	1553
1000009	14	562	233	2592	1620
1000009	15	585	243	2700	1688
1000009	16	608	253	2808	1755
1000009	17	632	262	2916	1823
1000009	18	655	272	3024	1890
1000009	19	679	282	3132	1958
1000009	20	702	292	3240	2025
1000009	21	728	302	3360	2100
1000009	22	754	313	3480	2175
1000009	23	780	324	3600	2250
1000009	24	806	335	3720	2325
1000009	25	832	346	3840	2400
1000009	26	858	356	3960	2475
1000009	27	884	367	4080	2550
1000009	28	910	378	4200	2625
1000009	29	936	389	4320	2700
1000009	30	962	400	4440	2775
1000009	31	991	411	4572	2858
1000009	32	1019	423	4704	2940
1000009	33	1048	435	4836	3023
1000009	34	1076	447	4968	3105
1000009	35	1105	459	5100	3188
1000009	36	1134	471	5232	3270
1000009	37	1162	483	5364	3353
1000009	38	1191	495	5496	3435
1000009	39	1219	507	5628	3518
1000009	40	1248	518	5760	3600
1000009	41	1279	531	5904	3690
1000009	42	1310	544	6048	3780
1000009	43	1342	557	6192	3870
1000009	44	1373	570	6336	3960
1000009	45	1404	583	6480	4050
1000009	46	1435	596	6624	4140
1000009	47	1466	609	6768	4230
1000009	48	1498	622	6912	4320
1000009	49	1529	635	7056	4410
1000009	50	1560	648	7200	4500
1000009	51	1594	662	7356	4598
1000009	52	1628	676	7512	4695
1000009	53	1661	690	7668	4793
1000009	54	1695	704	7824	4890
1000009	55	1729	718	7980	4988
1000009	56	1763	732	8136	5085
1000009	57	1797	746	8292	5183
1000009	58	1830	760	8448	5280
1000009	59	1864	774	8604	5378
1000009	60	1898	788	8760	5475
1000009	61	1934	804	8928	5580
1000009	62	1971	819	9096	5685
1000009	63	2007	834	9264	5790
1000009	64	2044	849	9432	5895
1000009	65	2080	864	9600	6000
1000009	66	2116	879	9768	6105
1000009	67	2153	894	9936	6210
1000009	68	2189	909	10104	6315
1000009	69	2226	924	10272	6420
1000009	70	2262	940	10440	6525
1000009	71	2301	956	10620	6638
1000009	72	2340	972	10800	6750
1000009	73	2379	988	10980	6863
1000009	74	2418	1004	11160	6975
1000009	75	2457	1021	11340	7088
1000009	76	2496	1037	11520	7200
1000009	77	2535	1053	11700	7313
1000009	78	2574	1069	11880	7425
1000009	79	2613	1085	12060	7538
1000009	80	2652	1102	12240	7650
1000009	81	2701	1122	12468	7793
1000009	82	2751	1143	12696	7935
1000009	83	2800	1163	12924	8078
1000009	84	2850	1184	13152	8220
1000009	85	2899	1204	13380	8363
1000009	86	2948	1225	13608	8505
1000009	87	2998	1245	13836	8648
1000009	88	3047	1266	14064	8790
1000009	89	3097	1286	14292	8933
1000009	90	3146	1307	14520	9075
1000009	91	3206	1332	14796	9248
1000009	92	3266	1356	15072	9420
1000009	93	3325	1381	15348	9593
1000009	94	3385	1406	15624	9765
1000009	95	3445	1431	15900	9938
1000009	96	3505	1456	16176	10110
1000009	97	3565	1481	16452	10283
1000009	98	3624	1506	16728	10455
1000009	99	3684	1530	17004	10628
1000009	100	3744	1555	17280	10800
1000009	101	3814	1584	17604	11003
1000009	102	3884	1614	17928	11205
1000009	103	3955	1643	18252	11408
1000009	104	4025	1672	18576	11610
1000009	105	4095	1701	18900	11813
1000009	106	4165	1730	19224	12015
1000009	107	4235	1759	19548	12218
1000009	108	4306	1788	19872	12420
1000009	109	4376	1818	20196	12623
1000009	110	4446	1847	20520	12825
1000009	111	4527	1880	20892	13058
1000009	112	4607	1914	21264	13290
1000009	113	4688	1947	21636	13523
1000009	114	4768	1981	22008	13755
1000009	115	4849	2014	22380	13988
1000009	116	4930	2048	22752	14220
1000009	117	5010	2081	23124	14453
1000009	118	5091	2115	23496	14685
1000009	119	5171	2148	23868	14918
1000009	120	5252	2182	24240	15150
1000009	121	5343	2219	24660	15413
1000009	122	5434	2257	25080	15675
1000009	123	5525	2295	25500	15938
1000009	124	5616	2333	25920	16200
1000009	125	5707	2371	26340	16463
1000009	126	5798	2408	26760	16725
1000009	127	5889	2446	27180	16988
1000009	128	5980	2484	27600	17250
1000009	129	6071	2522	28020	17513
1000009	130	6162	2560	28440	17775
1000009	131	6263	2602	28908	18068
1000009	132	6365	2644	29376	18360
1000009	133	6466	2686	29844	18653
1000009	134	6568	2728	30312	18945
1000009	135	6669	2770	30780	19238
1000009	136	6770	2812	31248	19530
1000009	137	6872	2854	31716	19823
1000009	138	6973	2897	32184	20115
1000009	139	7075	2939	32652	20408
1000009	140	7176	2981	33120	20700
1000009	141	7277	3023	33588	20993
1000009	142	7379	3065	34056	21285
1000009	143	7480	3107	34524	21578
1000009	144	7582	3149	34992	21870
1000009	145	7683	3191	35460	22163
1000009	146	7784	3234	35928	22455
1000009	147	7886	3276	36396	22748
1000009	148	7987	3318	36864	23040
1000009	149	8089	3360	37332	23333
1000009	150	8190	3402	37800	23625
1000009	151	8291	3444	38268	23918
1000009	152	8393	3486	38736	24210
1000009	153	8494	3528	39204	24503
1000009	154	8596	3570	39672	24795
1000009	155	8697	3613	40140	25088
1000009	156	8798	3655	40608	25380
1000009	157	8900	3697	41076	25673
1000009	158	9001	3739	41544	25965
1000009	159	9103	3781	42012	26258
1000009	160	9204	3823	42480	26550
1000009	161	9305	3865	42948	26843
1000009	162	9407	3907	43416	27135
1000009	163	9508	3950	43884	27428
1000009	164	9610	3992	44352	27720
1000009	165	9711	4034	44820	28013
1000009	166	9812	4076	45288	28305
1000009	167	9914	4118	45756	28598
1000009	168	10015	4160	46224	28890
1000009	169	10117	4202	46692	29183
1000009	170	10218	4244	47160	29475
1000009	171	10319	4287	47628	29768
1000009	172	10421	4329	48096	30060
1000009	173	10522	4371	48564	30353
1000009	174	10624	4413	49032	30645
1000009	175	10725	4455	49500	30938
1000009	176	10826	4497	49968	31230
1000009	177	10928	4539	50436	31523
1000009	178	11029	4581	50904	31815
1000009	179	11131	4623	51372	32108
1000009	180	11232	4666	51840	32400
1000009	181	11333	4708	52308	32693
1000009	182	11435	4750	52776	32985
1000009	183	11536	4792	53244	33278
1000009	184	11638	4834	53712	33570
1000009	185	11739	4876	54180	33863
1000009	186	11840	4918	54648	34155
1000009	187	11942	4960	55116	34448
1000009	188	12043	5003	55584	34740
1000009	189	12145	5045	56052	35033
1000009	190	12246	5087	56520	35325
1000009	191	12347	5129	56988	35618
1000009	192	12449	5171	57456	35910
1000009	193	12550	5213	57924	36203
1000009	194	12652	5255	58392	36495
1000009	195	12753	5297	58860	36788
1000009	196	12854	5340	59328	37080
1000009	197	12956	5382	59796	37373
1000009	198	13057	5424	60264	37665
1000009	199	13159	5466	60732	37958
1000009	200	13260	5508	61200	38250