minLevel	maxLevel	minRank	maxRank	exp	magicSoul	totalMagicSoul	money	goodsId	goodsNum	bindType	showGoodsId
等级下限	等级上限	开始名次	结束名次	经验值	仙魂	声望	奖励的钱	奖励物品ID	奖励物品数目	绑定类型	奖励物品ID
1	39	1	1					9173	1	1	73914
1	39	2	2					9174	1	1	73915
1	39	3	3					9175	1	1	73916
1	39	4	4					9176	1	1	73917
1	39	5	5					9176	1	1	73917
1	39	6	6					9176	1	1	73917
1	39	7	7					9176	1	1	73917
1	39	8	8					9176	1	1	73917
1	39	9	9					9176	1	1	73917
1	39	10	10					9176	1	1	73917
1	39	11	11					9177	1	1	73918
1	39	12	12					9177	1	1	73918
1	39	13	13					9177	1	1	73918
1	39	14	14					9177	1	1	73918
1	39	15	15					9177	1	1	73918
1	39	16	16					9177	1	1	73918
1	39	17	17					9177	1	1	73918
1	39	18	18					9177	1	1	73918
1	39	19	19					9177	1	1	73918
1	39	20	20					9177	1	1	73918
1	39	21	21					9178	1	1	73919
1	39	22	22					9178	1	1	73919
1	39	23	23					9178	1	1	73919
1	39	24	24					9178	1	1	73919
1	39	25	25					9178	1	1	73919
1	39	26	26					9178	1	1	73919
1	39	27	27					9178	1	1	73919
1	39	28	28					9178	1	1	73919
1	39	29	29					9178	1	1	73919
1	39	30	30					9178	1	1	73919
1	39	31	31					9178	1	1	73919
1	39	32	32					9178	1	1	73919
1	39	33	33					9178	1	1	73919
1	39	34	34					9178	1	1	73919
1	39	35	35					9178	1	1	73919
1	39	36	36					9178	1	1	73919
1	39	37	37					9178	1	1	73919
1	39	38	38					9178	1	1	73919
1	39	39	39					9178	1	1	73919
1	39	40	40					9178	1	1	73919
1	39	41	41					9178	1	1	73919
1	39	42	42					9178	1	1	73919
1	39	43	43					9178	1	1	73919
1	39	44	44					9178	1	1	73919
1	39	45	45					9178	1	1	73919
1	39	46	46					9178	1	1	73919
1	39	47	47					9178	1	1	73919
1	39	48	48					9178	1	1	73919
1	39	49	49					9178	1	1	73919
1	39	50	50					9178	1	1	73919
1	39	51	51					9179	1	1	73920
1	39	52	52					9179	1	1	73920
1	39	53	53					9179	1	1	73920
1	39	54	54					9179	1	1	73920
1	39	55	55					9179	1	1	73920
1	39	56	56					9179	1	1	73920
1	39	57	57					9179	1	1	73920
1	39	58	58					9179	1	1	73920
1	39	59	59					9179	1	1	73920
1	39	60	60					9179	1	1	73920
1	39	61	61					9179	1	1	73920
1	39	62	62					9179	1	1	73920
1	39	63	63					9179	1	1	73920
1	39	64	64					9179	1	1	73920
1	39	65	65					9179	1	1	73920
1	39	66	66					9179	1	1	73920
1	39	67	67					9179	1	1	73920
1	39	68	68					9179	1	1	73920
1	39	69	69					9179	1	1	73920
1	39	70	70					9179	1	1	73920
1	39	71	71					9179	1	1	73920
1	39	72	72					9179	1	1	73920
1	39	73	73					9179	1	1	73920
1	39	74	74					9179	1	1	73920
1	39	75	75					9179	1	1	73920
1	39	76	76					9179	1	1	73920
1	39	77	77					9179	1	1	73920
1	39	78	78					9179	1	1	73920
1	39	79	79					9179	1	1	73920
1	39	80	80					9179	1	1	73920
1	39	81	81					9179	1	1	73920
1	39	82	82					9179	1	1	73920
1	39	83	83					9179	1	1	73920
1	39	84	84					9179	1	1	73920
1	39	85	85					9179	1	1	73920
1	39	86	86					9179	1	1	73920
1	39	87	87					9179	1	1	73920
1	39	88	88					9179	1	1	73920
1	39	89	89					9179	1	1	73920
1	39	90	90					9179	1	1	73920
1	39	91	91					9179	1	1	73920
1	39	92	92					9179	1	1	73920
1	39	93	93					9179	1	1	73920
1	39	94	94					9179	1	1	73920
1	39	95	95					9179	1	1	73920
1	39	96	96					9179	1	1	73920
1	39	97	97					9179	1	1	73920
1	39	98	98					9179	1	1	73920
1	39	99	99					9179	1	1	73920
1	39	100	100					9179	1	1	73920
1	39	101	101					9180	1	1	73921
1	39	102	102					9180	1	1	73921
1	39	103	103					9180	1	1	73921
1	39	104	104					9180	1	1	73921
1	39	105	105					9180	1	1	73921
1	39	106	106					9180	1	1	73921
1	39	107	107					9180	1	1	73921
1	39	108	108					9180	1	1	73921
1	39	109	109					9180	1	1	73921
1	39	110	110					9180	1	1	73921
1	39	111	111					9180	1	1	73921
1	39	112	112					9180	1	1	73921
1	39	113	113					9180	1	1	73921
1	39	114	114					9180	1	1	73921
1	39	115	115					9180	1	1	73921
1	39	116	116					9180	1	1	73921
1	39	117	117					9180	1	1	73921
1	39	118	118					9180	1	1	73921
1	39	119	119					9180	1	1	73921
1	39	120	120					9180	1	1	73921
1	39	121	121					9180	1	1	73921
1	39	122	122					9180	1	1	73921
1	39	123	123					9180	1	1	73921
1	39	124	124					9180	1	1	73921
1	39	125	125					9180	1	1	73921
1	39	126	126					9180	1	1	73921
1	39	127	127					9180	1	1	73921
1	39	128	128					9180	1	1	73921
1	39	129	129					9180	1	1	73921
1	39	130	130					9180	1	1	73921
1	39	131	131					9180	1	1	73921
1	39	132	132					9180	1	1	73921
1	39	133	133					9180	1	1	73921
1	39	134	134					9180	1	1	73921
1	39	135	135					9180	1	1	73921
1	39	136	136					9180	1	1	73921
1	39	137	137					9180	1	1	73921
1	39	138	138					9180	1	1	73921
1	39	139	139					9180	1	1	73921
1	39	140	140					9180	1	1	73921
1	39	141	141					9180	1	1	73921
1	39	142	142					9180	1	1	73921
1	39	143	143					9180	1	1	73921
1	39	144	144					9180	1	1	73921
1	39	145	145					9180	1	1	73921
1	39	146	146					9180	1	1	73921
1	39	147	147					9180	1	1	73921
1	39	148	148					9180	1	1	73921
1	39	149	149					9180	1	1	73921
1	39	150	150					9180	1	1	73921
1	39	151	151					9180	1	1	73921
1	39	152	152					9180	1	1	73921
1	39	153	153					9180	1	1	73921
1	39	154	154					9180	1	1	73921
1	39	155	155					9180	1	1	73921
1	39	156	156					9180	1	1	73921
1	39	157	157					9180	1	1	73921
1	39	158	158					9180	1	1	73921
1	39	159	159					9180	1	1	73921
1	39	160	160					9180	1	1	73921
1	39	161	161					9180	1	1	73921
1	39	162	162					9180	1	1	73921
1	39	163	163					9180	1	1	73921
1	39	164	164					9180	1	1	73921
1	39	165	165					9180	1	1	73921
1	39	166	166					9180	1	1	73921
1	39	167	167					9180	1	1	73921
1	39	168	168					9180	1	1	73921
1	39	169	169					9180	1	1	73921
1	39	170	170					9180	1	1	73921
1	39	171	171					9180	1	1	73921
1	39	172	172					9180	1	1	73921
1	39	173	173					9180	1	1	73921
1	39	174	174					9180	1	1	73921
1	39	175	175					9180	1	1	73921
1	39	176	176					9180	1	1	73921
1	39	177	177					9180	1	1	73921
1	39	178	178					9180	1	1	73921
1	39	179	179					9180	1	1	73921
1	39	180	180					9180	1	1	73921
1	39	181	181					9180	1	1	73921
1	39	182	182					9180	1	1	73921
1	39	183	183					9180	1	1	73921
1	39	184	184					9180	1	1	73921
1	39	185	185					9180	1	1	73921
1	39	186	186					9180	1	1	73921
1	39	187	187					9180	1	1	73921
1	39	188	188					9180	1	1	73921
1	39	189	189					9180	1	1	73921
1	39	190	190					9180	1	1	73921
1	39	191	191					9180	1	1	73921
1	39	192	192					9180	1	1	73921
1	39	193	193					9180	1	1	73921
1	39	194	194					9180	1	1	73921
1	39	195	195					9180	1	1	73921
1	39	196	196					9180	1	1	73921
1	39	197	197					9180	1	1	73921
1	39	198	198					9180	1	1	73921
1	39	199	199					9180	1	1	73921
1	39	200	200					9180	1	1	73921
1	39	201	99999					9181	1	1	73922
40	49	1	1					9182	1	1	73923
40	49	2	2					9183	1	1	73924
40	49	3	3					9184	1	1	73925
40	49	4	4					9185	1	1	73926
40	49	5	5					9185	1	1	73926
40	49	6	6					9185	1	1	73926
40	49	7	7					9185	1	1	73926
40	49	8	8					9185	1	1	73926
40	49	9	9					9185	1	1	73926
40	49	10	10					9185	1	1	73926
40	49	11	11					9186	1	1	73927
40	49	12	12					9186	1	1	73927
40	49	13	13					9186	1	1	73927
40	49	14	14					9186	1	1	73927
40	49	15	15					9186	1	1	73927
40	49	16	16					9186	1	1	73927
40	49	17	17					9186	1	1	73927
40	49	18	18					9186	1	1	73927
40	49	19	19					9186	1	1	73927
40	49	20	20					9186	1	1	73927
40	49	21	21					9187	1	1	73928
40	49	22	22					9187	1	1	73928
40	49	23	23					9187	1	1	73928
40	49	24	24					9187	1	1	73928
40	49	25	25					9187	1	1	73928
40	49	26	26					9187	1	1	73928
40	49	27	27					9187	1	1	73928
40	49	28	28					9187	1	1	73928
40	49	29	29					9187	1	1	73928
40	49	30	30					9187	1	1	73928
40	49	31	31					9187	1	1	73928
40	49	32	32					9187	1	1	73928
40	49	33	33					9187	1	1	73928
40	49	34	34					9187	1	1	73928
40	49	35	35					9187	1	1	73928
40	49	36	36					9187	1	1	73928
40	49	37	37					9187	1	1	73928
40	49	38	38					9187	1	1	73928
40	49	39	39					9187	1	1	73928
40	49	40	40					9187	1	1	73928
40	49	41	41					9187	1	1	73928
40	49	42	42					9187	1	1	73928
40	49	43	43					9187	1	1	73928
40	49	44	44					9187	1	1	73928
40	49	45	45					9187	1	1	73928
40	49	46	46					9187	1	1	73928
40	49	47	47					9187	1	1	73928
40	49	48	48					9187	1	1	73928
40	49	49	49					9187	1	1	73928
40	49	50	50					9187	1	1	73928
40	49	51	51					9188	1	1	73929
40	49	52	52					9188	1	1	73929
40	49	53	53					9188	1	1	73929
40	49	54	54					9188	1	1	73929
40	49	55	55					9188	1	1	73929
40	49	56	56					9188	1	1	73929
40	49	57	57					9188	1	1	73929
40	49	58	58					9188	1	1	73929
40	49	59	59					9188	1	1	73929
40	49	60	60					9188	1	1	73929
40	49	61	61					9188	1	1	73929
40	49	62	62					9188	1	1	73929
40	49	63	63					9188	1	1	73929
40	49	64	64					9188	1	1	73929
40	49	65	65					9188	1	1	73929
40	49	66	66					9188	1	1	73929
40	49	67	67					9188	1	1	73929
40	49	68	68					9188	1	1	73929
40	49	69	69					9188	1	1	73929
40	49	70	70					9188	1	1	73929
40	49	71	71					9188	1	1	73929
40	49	72	72					9188	1	1	73929
40	49	73	73					9188	1	1	73929
40	49	74	74					9188	1	1	73929
40	49	75	75					9188	1	1	73929
40	49	76	76					9188	1	1	73929
40	49	77	77					9188	1	1	73929
40	49	78	78					9188	1	1	73929
40	49	79	79					9188	1	1	73929
40	49	80	80					9188	1	1	73929
40	49	81	81					9188	1	1	73929
40	49	82	82					9188	1	1	73929
40	49	83	83					9188	1	1	73929
40	49	84	84					9188	1	1	73929
40	49	85	85					9188	1	1	73929
40	49	86	86					9188	1	1	73929
40	49	87	87					9188	1	1	73929
40	49	88	88					9188	1	1	73929
40	49	89	89					9188	1	1	73929
40	49	90	90					9188	1	1	73929
40	49	91	91					9188	1	1	73929
40	49	92	92					9188	1	1	73929
40	49	93	93					9188	1	1	73929
40	49	94	94					9188	1	1	73929
40	49	95	95					9188	1	1	73929
40	49	96	96					9188	1	1	73929
40	49	97	97					9188	1	1	73929
40	49	98	98					9188	1	1	73929
40	49	99	99					9188	1	1	73929
40	49	100	100					9188	1	1	73929
40	49	101	101					9189	1	1	73930
40	49	102	102					9189	1	1	73930
40	49	103	103					9189	1	1	73930
40	49	104	104					9189	1	1	73930
40	49	105	105					9189	1	1	73930
40	49	106	106					9189	1	1	73930
40	49	107	107					9189	1	1	73930
40	49	108	108					9189	1	1	73930
40	49	109	109					9189	1	1	73930
40	49	110	110					9189	1	1	73930
40	49	111	111					9189	1	1	73930
40	49	112	112					9189	1	1	73930
40	49	113	113					9189	1	1	73930
40	49	114	114					9189	1	1	73930
40	49	115	115					9189	1	1	73930
40	49	116	116					9189	1	1	73930
40	49	117	117					9189	1	1	73930
40	49	118	118					9189	1	1	73930
40	49	119	119					9189	1	1	73930
40	49	120	120					9189	1	1	73930
40	49	121	121					9189	1	1	73930
40	49	122	122					9189	1	1	73930
40	49	123	123					9189	1	1	73930
40	49	124	124					9189	1	1	73930
40	49	125	125					9189	1	1	73930
40	49	126	126					9189	1	1	73930
40	49	127	127					9189	1	1	73930
40	49	128	128					9189	1	1	73930
40	49	129	129					9189	1	1	73930
40	49	130	130					9189	1	1	73930
40	49	131	131					9189	1	1	73930
40	49	132	132					9189	1	1	73930
40	49	133	133					9189	1	1	73930
40	49	134	134					9189	1	1	73930
40	49	135	135					9189	1	1	73930
40	49	136	136					9189	1	1	73930
40	49	137	137					9189	1	1	73930
40	49	138	138					9189	1	1	73930
40	49	139	139					9189	1	1	73930
40	49	140	140					9189	1	1	73930
40	49	141	141					9189	1	1	73930
40	49	142	142					9189	1	1	73930
40	49	143	143					9189	1	1	73930
40	49	144	144					9189	1	1	73930
40	49	145	145					9189	1	1	73930
40	49	146	146					9189	1	1	73930
40	49	147	147					9189	1	1	73930
40	49	148	148					9189	1	1	73930
40	49	149	149					9189	1	1	73930
40	49	150	150					9189	1	1	73930
40	49	151	151					9189	1	1	73930
40	49	152	152					9189	1	1	73930
40	49	153	153					9189	1	1	73930
40	49	154	154					9189	1	1	73930
40	49	155	155					9189	1	1	73930
40	49	156	156					9189	1	1	73930
40	49	157	157					9189	1	1	73930
40	49	158	158					9189	1	1	73930
40	49	159	159					9189	1	1	73930
40	49	160	160					9189	1	1	73930
40	49	161	161					9189	1	1	73930
40	49	162	162					9189	1	1	73930
40	49	163	163					9189	1	1	73930
40	49	164	164					9189	1	1	73930
40	49	165	165					9189	1	1	73930
40	49	166	166					9189	1	1	73930
40	49	167	167					9189	1	1	73930
40	49	168	168					9189	1	1	73930
40	49	169	169					9189	1	1	73930
40	49	170	170					9189	1	1	73930
40	49	171	171					9189	1	1	73930
40	49	172	172					9189	1	1	73930
40	49	173	173					9189	1	1	73930
40	49	174	174					9189	1	1	73930
40	49	175	175					9189	1	1	73930
40	49	176	176					9189	1	1	73930
40	49	177	177					9189	1	1	73930
40	49	178	178					9189	1	1	73930
40	49	179	179					9189	1	1	73930
40	49	180	180					9189	1	1	73930
40	49	181	181					9189	1	1	73930
40	49	182	182					9189	1	1	73930
40	49	183	183					9189	1	1	73930
40	49	184	184					9189	1	1	73930
40	49	185	185					9189	1	1	73930
40	49	186	186					9189	1	1	73930
40	49	187	187					9189	1	1	73930
40	49	188	188					9189	1	1	73930
40	49	189	189					9189	1	1	73930
40	49	190	190					9189	1	1	73930
40	49	191	191					9189	1	1	73930
40	49	192	192					9189	1	1	73930
40	49	193	193					9189	1	1	73930
40	49	194	194					9189	1	1	73930
40	49	195	195					9189	1	1	73930
40	49	196	196					9189	1	1	73930
40	49	197	197					9189	1	1	73930
40	49	198	198					9189	1	1	73930
40	49	199	199					9189	1	1	73930
40	49	200	200					9189	1	1	73930
40	49	201	99999					9190	1	1	73931
50	59	1	1		6000	6000		9191	1	1	73932
50	59	2	2		5000	5000		9192	1	1	73933
50	59	3	3		4000	4000		9193	1	1	73934
50	59	4	4		3000	3000		9194	1	1	73935
50	59	5	5		2940	2940		9194	1	1	73935
50	59	6	6		2880	2880		9194	1	1	73935
50	59	7	7		2820	2820		9194	1	1	73935
50	59	8	8		2760	2760		9194	1	1	73935
50	59	9	9		2700	2700		9194	1	1	73935
50	59	10	10		2640	2640		9194	1	1	73935
50	59	11	11		2600	2600		9195	1	1	73936
50	59	12	12		2580	2580		9195	1	1	73936
50	59	13	13		2560	2560		9195	1	1	73936
50	59	14	14		2540	2540		9195	1	1	73936
50	59	15	15		2520	2520		9195	1	1	73936
50	59	16	16		2500	2500		9195	1	1	73936
50	59	17	17		2480	2480		9195	1	1	73936
50	59	18	18		2460	2460		9195	1	1	73936
50	59	19	19		2440	2440		9195	1	1	73936
50	59	20	20		2420	2420		9195	1	1	73936
50	59	21	21		2400	2400		9196	1	1	73937
50	59	22	22		2380	2380		9196	1	1	73937
50	59	23	23		2360	2360		9196	1	1	73937
50	59	24	24		2340	2340		9196	1	1	73937
50	59	25	25		2320	2320		9196	1	1	73937
50	59	26	26		2300	2300		9196	1	1	73937
50	59	27	27		2280	2280		9196	1	1	73937
50	59	28	28		2260	2260		9196	1	1	73937
50	59	29	29		2240	2240		9196	1	1	73937
50	59	30	30		2220	2220		9196	1	1	73937
50	59	31	31		2200	2200		9196	1	1	73937
50	59	32	32		2190	2190		9196	1	1	73937
50	59	33	33		2180	2180		9196	1	1	73937
50	59	34	34		2170	2170		9196	1	1	73937
50	59	35	35		2160	2160		9196	1	1	73937
50	59	36	36		2150	2150		9196	1	1	73937
50	59	37	37		2140	2140		9196	1	1	73937
50	59	38	38		2130	2130		9196	1	1	73937
50	59	39	39		2120	2120		9196	1	1	73937
50	59	40	40		2110	2110		9196	1	1	73937
50	59	41	41		2100	2100		9196	1	1	73937
50	59	42	42		2090	2090		9196	1	1	73937
50	59	43	43		2080	2080		9196	1	1	73937
50	59	44	44		2070	2070		9196	1	1	73937
50	59	45	45		2060	2060		9196	1	1	73937
50	59	46	46		2050	2050		9196	1	1	73937
50	59	47	47		2040	2040		9196	1	1	73937
50	59	48	48		2030	2030		9196	1	1	73937
50	59	49	49		2020	2020		9196	1	1	73937
50	59	50	50		2010	2010		9196	1	1	73937
50	59	51	51		2000	2000		9197	1	1	73938
50	59	52	52		1996	1996		9197	1	1	73938
50	59	53	53		1992	1992		9197	1	1	73938
50	59	54	54		1988	1988		9197	1	1	73938
50	59	55	55		1984	1984		9197	1	1	73938
50	59	56	56		1980	1980		9197	1	1	73938
50	59	57	57		1976	1976		9197	1	1	73938
50	59	58	58		1972	1972		9197	1	1	73938
50	59	59	59		1968	1968		9197	1	1	73938
50	59	60	60		1964	1964		9197	1	1	73938
50	59	61	61		1960	1960		9197	1	1	73938
50	59	62	62		1956	1956		9197	1	1	73938
50	59	63	63		1952	1952		9197	1	1	73938
50	59	64	64		1948	1948		9197	1	1	73938
50	59	65	65		1944	1944		9197	1	1	73938
50	59	66	66		1940	1940		9197	1	1	73938
50	59	67	67		1936	1936		9197	1	1	73938
50	59	68	68		1932	1932		9197	1	1	73938
50	59	69	69		1928	1928		9197	1	1	73938
50	59	70	70		1924	1924		9197	1	1	73938
50	59	71	71		1920	1920		9197	1	1	73938
50	59	72	72		1916	1916		9197	1	1	73938
50	59	73	73		1912	1912		9197	1	1	73938
50	59	74	74		1908	1908		9197	1	1	73938
50	59	75	75		1904	1904		9197	1	1	73938
50	59	76	76		1900	1900		9197	1	1	73938
50	59	77	77		1896	1896		9197	1	1	73938
50	59	78	78		1892	1892		9197	1	1	73938
50	59	79	79		1888	1888		9197	1	1	73938
50	59	80	80		1884	1884		9197	1	1	73938
50	59	81	81		1880	1880		9197	1	1	73938
50	59	82	82		1876	1876		9197	1	1	73938
50	59	83	83		1872	1872		9197	1	1	73938
50	59	84	84		1868	1868		9197	1	1	73938
50	59	85	85		1864	1864		9197	1	1	73938
50	59	86	86		1860	1860		9197	1	1	73938
50	59	87	87		1856	1856		9197	1	1	73938
50	59	88	88		1852	1852		9197	1	1	73938
50	59	89	89		1848	1848		9197	1	1	73938
50	59	90	90		1844	1844		9197	1	1	73938
50	59	91	91		1840	1840		9197	1	1	73938
50	59	92	92		1836	1836		9197	1	1	73938
50	59	93	93		1832	1832		9197	1	1	73938
50	59	94	94		1828	1828		9197	1	1	73938
50	59	95	95		1824	1824		9197	1	1	73938
50	59	96	96		1820	1820		9197	1	1	73938
50	59	97	97		1816	1816		9197	1	1	73938
50	59	98	98		1812	1812		9197	1	1	73938
50	59	99	99		1808	1808		9197	1	1	73938
50	59	100	100		1804	1804		9197	1	1	73938
50	59	101	101		1800	1800		9198	1	1	73939
50	59	102	102		1798	1798		9198	1	1	73939
50	59	103	103		1796	1796		9198	1	1	73939
50	59	104	104		1794	1794		9198	1	1	73939
50	59	105	105		1792	1792		9198	1	1	73939
50	59	106	106		1790	1790		9198	1	1	73939
50	59	107	107		1788	1788		9198	1	1	73939
50	59	108	108		1786	1786		9198	1	1	73939
50	59	109	109		1784	1784		9198	1	1	73939
50	59	110	110		1782	1782		9198	1	1	73939
50	59	111	111		1780	1780		9198	1	1	73939
50	59	112	112		1778	1778		9198	1	1	73939
50	59	113	113		1776	1776		9198	1	1	73939
50	59	114	114		1774	1774		9198	1	1	73939
50	59	115	115		1772	1772		9198	1	1	73939
50	59	116	116		1770	1770		9198	1	1	73939
50	59	117	117		1768	1768		9198	1	1	73939
50	59	118	118		1766	1766		9198	1	1	73939
50	59	119	119		1764	1764		9198	1	1	73939
50	59	120	120		1762	1762		9198	1	1	73939
50	59	121	121		1760	1760		9198	1	1	73939
50	59	122	122		1758	1758		9198	1	1	73939
50	59	123	123		1756	1756		9198	1	1	73939
50	59	124	124		1754	1754		9198	1	1	73939
50	59	125	125		1752	1752		9198	1	1	73939
50	59	126	126		1750	1750		9198	1	1	73939
50	59	127	127		1748	1748		9198	1	1	73939
50	59	128	128		1746	1746		9198	1	1	73939
50	59	129	129		1744	1744		9198	1	1	73939
50	59	130	130		1742	1742		9198	1	1	73939
50	59	131	131		1740	1740		9198	1	1	73939
50	59	132	132		1738	1738		9198	1	1	73939
50	59	133	133		1736	1736		9198	1	1	73939
50	59	134	134		1734	1734		9198	1	1	73939
50	59	135	135		1732	1732		9198	1	1	73939
50	59	136	136		1730	1730		9198	1	1	73939
50	59	137	137		1728	1728		9198	1	1	73939
50	59	138	138		1726	1726		9198	1	1	73939
50	59	139	139		1724	1724		9198	1	1	73939
50	59	140	140		1722	1722		9198	1	1	73939
50	59	141	141		1720	1720		9198	1	1	73939
50	59	142	142		1718	1718		9198	1	1	73939
50	59	143	143		1716	1716		9198	1	1	73939
50	59	144	144		1714	1714		9198	1	1	73939
50	59	145	145		1712	1712		9198	1	1	73939
50	59	146	146		1710	1710		9198	1	1	73939
50	59	147	147		1708	1708		9198	1	1	73939
50	59	148	148		1706	1706		9198	1	1	73939
50	59	149	149		1704	1704		9198	1	1	73939
50	59	150	150		1702	1702		9198	1	1	73939
50	59	151	151		1700	1700		9198	1	1	73939
50	59	152	152		1698	1698		9198	1	1	73939
50	59	153	153		1696	1696		9198	1	1	73939
50	59	154	154		1694	1694		9198	1	1	73939
50	59	155	155		1692	1692		9198	1	1	73939
50	59	156	156		1690	1690		9198	1	1	73939
50	59	157	157		1688	1688		9198	1	1	73939
50	59	158	158		1686	1686		9198	1	1	73939
50	59	159	159		1684	1684		9198	1	1	73939
50	59	160	160		1682	1682		9198	1	1	73939
50	59	161	161		1680	1680		9198	1	1	73939
50	59	162	162		1678	1678		9198	1	1	73939
50	59	163	163		1676	1676		9198	1	1	73939
50	59	164	164		1674	1674		9198	1	1	73939
50	59	165	165		1672	1672		9198	1	1	73939
50	59	166	166		1670	1670		9198	1	1	73939
50	59	167	167		1668	1668		9198	1	1	73939
50	59	168	168		1666	1666		9198	1	1	73939
50	59	169	169		1664	1664		9198	1	1	73939
50	59	170	170		1662	1662		9198	1	1	73939
50	59	171	171		1660	1660		9198	1	1	73939
50	59	172	172		1658	1658		9198	1	1	73939
50	59	173	173		1656	1656		9198	1	1	73939
50	59	174	174		1654	1654		9198	1	1	73939
50	59	175	175		1652	1652		9198	1	1	73939
50	59	176	176		1650	1650		9198	1	1	73939
50	59	177	177		1648	1648		9198	1	1	73939
50	59	178	178		1646	1646		9198	1	1	73939
50	59	179	179		1644	1644		9198	1	1	73939
50	59	180	180		1642	1642		9198	1	1	73939
50	59	181	181		1640	1640		9198	1	1	73939
50	59	182	182		1638	1638		9198	1	1	73939
50	59	183	183		1636	1636		9198	1	1	73939
50	59	184	184		1634	1634		9198	1	1	73939
50	59	185	185		1632	1632		9198	1	1	73939
50	59	186	186		1630	1630		9198	1	1	73939
50	59	187	187		1628	1628		9198	1	1	73939
50	59	188	188		1626	1626		9198	1	1	73939
50	59	189	189		1624	1624		9198	1	1	73939
50	59	190	190		1622	1622		9198	1	1	73939
50	59	191	191		1620	1620		9198	1	1	73939
50	59	192	192		1618	1618		9198	1	1	73939
50	59	193	193		1616	1616		9198	1	1	73939
50	59	194	194		1614	1614		9198	1	1	73939
50	59	195	195		1612	1612		9198	1	1	73939
50	59	196	196		1610	1610		9198	1	1	73939
50	59	197	197		1608	1608		9198	1	1	73939
50	59	198	198		1606	1606		9198	1	1	73939
50	59	199	199		1604	1604		9198	1	1	73939
50	59	200	200		1602	1602		9198	1	1	73939
50	59	201	99999		1600	1600		9199	1	1	73940
60	69	1	1		7500	7500		9200	1	1	73941
60	69	2	2		6250	6250		9201	1	1	73942
60	69	3	3		5000	5000		9202	1	1	73943
60	69	4	4		3750	3750		9203	1	1	73944
60	69	5	5		3675	3675		9203	1	1	73944
60	69	6	6		3600	3600		9203	1	1	73944
60	69	7	7		3525	3525		9203	1	1	73944
60	69	8	8		3450	3450		9203	1	1	73944
60	69	9	9		3375	3375		9203	1	1	73944
60	69	10	10		3300	3300		9203	1	1	73944
60	69	11	11		3250	3250		9204	1	1	73945
60	69	12	12		3225	3225		9204	1	1	73945
60	69	13	13		3200	3200		9204	1	1	73945
60	69	14	14		3175	3175		9204	1	1	73945
60	69	15	15		3150	3150		9204	1	1	73945
60	69	16	16		3125	3125		9204	1	1	73945
60	69	17	17		3100	3100		9204	1	1	73945
60	69	18	18		3075	3075		9204	1	1	73945
60	69	19	19		3050	3050		9204	1	1	73945
60	69	20	20		3025	3025		9204	1	1	73945
60	69	21	21		3000	3000		9205	1	1	73946
60	69	22	22		2975	2975		9205	1	1	73946
60	69	23	23		2950	2950		9205	1	1	73946
60	69	24	24		2925	2925		9205	1	1	73946
60	69	25	25		2900	2900		9205	1	1	73946
60	69	26	26		2875	2875		9205	1	1	73946
60	69	27	27		2850	2850		9205	1	1	73946
60	69	28	28		2825	2825		9205	1	1	73946
60	69	29	29		2800	2800		9205	1	1	73946
60	69	30	30		2775	2775		9205	1	1	73946
60	69	31	31		2750	2750		9205	1	1	73946
60	69	32	32		2738	2738		9205	1	1	73946
60	69	33	33		2725	2725		9205	1	1	73946
60	69	34	34		2713	2713		9205	1	1	73946
60	69	35	35		2700	2700		9205	1	1	73946
60	69	36	36		2688	2688		9205	1	1	73946
60	69	37	37		2675	2675		9205	1	1	73946
60	69	38	38		2663	2663		9205	1	1	73946
60	69	39	39		2650	2650		9205	1	1	73946
60	69	40	40		2638	2638		9205	1	1	73946
60	69	41	41		2625	2625		9205	1	1	73946
60	69	42	42		2613	2613		9205	1	1	73946
60	69	43	43		2600	2600		9205	1	1	73946
60	69	44	44		2588	2588		9205	1	1	73946
60	69	45	45		2575	2575		9205	1	1	73946
60	69	46	46		2563	2563		9205	1	1	73946
60	69	47	47		2550	2550		9205	1	1	73946
60	69	48	48		2538	2538		9205	1	1	73946
60	69	49	49		2525	2525		9205	1	1	73946
60	69	50	50		2513	2513		9205	1	1	73946
60	69	51	51		2500	2500		9206	1	1	73947
60	69	52	52		2495	2495		9206	1	1	73947
60	69	53	53		2490	2490		9206	1	1	73947
60	69	54	54		2485	2485		9206	1	1	73947
60	69	55	55		2480	2480		9206	1	1	73947
60	69	56	56		2475	2475		9206	1	1	73947
60	69	57	57		2470	2470		9206	1	1	73947
60	69	58	58		2465	2465		9206	1	1	73947
60	69	59	59		2460	2460		9206	1	1	73947
60	69	60	60		2455	2455		9206	1	1	73947
60	69	61	61		2450	2450		9206	1	1	73947
60	69	62	62		2445	2445		9206	1	1	73947
60	69	63	63		2440	2440		9206	1	1	73947
60	69	64	64		2435	2435		9206	1	1	73947
60	69	65	65		2430	2430		9206	1	1	73947
60	69	66	66		2425	2425		9206	1	1	73947
60	69	67	67		2420	2420		9206	1	1	73947
60	69	68	68		2415	2415		9206	1	1	73947
60	69	69	69		2410	2410		9206	1	1	73947
60	69	70	70		2405	2405		9206	1	1	73947
60	69	71	71		2400	2400		9206	1	1	73947
60	69	72	72		2395	2395		9206	1	1	73947
60	69	73	73		2390	2390		9206	1	1	73947
60	69	74	74		2385	2385		9206	1	1	73947
60	69	75	75		2380	2380		9206	1	1	73947
60	69	76	76		2375	2375		9206	1	1	73947
60	69	77	77		2370	2370		9206	1	1	73947
60	69	78	78		2365	2365		9206	1	1	73947
60	69	79	79		2360	2360		9206	1	1	73947
60	69	80	80		2355	2355		9206	1	1	73947
60	69	81	81		2350	2350		9206	1	1	73947
60	69	82	82		2345	2345		9206	1	1	73947
60	69	83	83		2340	2340		9206	1	1	73947
60	69	84	84		2335	2335		9206	1	1	73947
60	69	85	85		2330	2330		9206	1	1	73947
60	69	86	86		2325	2325		9206	1	1	73947
60	69	87	87		2320	2320		9206	1	1	73947
60	69	88	88		2315	2315		9206	1	1	73947
60	69	89	89		2310	2310		9206	1	1	73947
60	69	90	90		2305	2305		9206	1	1	73947
60	69	91	91		2300	2300		9206	1	1	73947
60	69	92	92		2295	2295		9206	1	1	73947
60	69	93	93		2290	2290		9206	1	1	73947
60	69	94	94		2285	2285		9206	1	1	73947
60	69	95	95		2280	2280		9206	1	1	73947
60	69	96	96		2275	2275		9206	1	1	73947
60	69	97	97		2270	2270		9206	1	1	73947
60	69	98	98		2265	2265		9206	1	1	73947
60	69	99	99		2260	2260		9206	1	1	73947
60	69	100	100		2255	2255		9206	1	1	73947
60	69	101	101		2250	2250		9207	1	1	73948
60	69	102	102		2248	2248		9207	1	1	73948
60	69	103	103		2245	2245		9207	1	1	73948
60	69	104	104		2243	2243		9207	1	1	73948
60	69	105	105		2240	2240		9207	1	1	73948
60	69	106	106		2238	2238		9207	1	1	73948
60	69	107	107		2235	2235		9207	1	1	73948
60	69	108	108		2233	2233		9207	1	1	73948
60	69	109	109		2230	2230		9207	1	1	73948
60	69	110	110		2228	2228		9207	1	1	73948
60	69	111	111		2225	2225		9207	1	1	73948
60	69	112	112		2223	2223		9207	1	1	73948
60	69	113	113		2220	2220		9207	1	1	73948
60	69	114	114		2218	2218		9207	1	1	73948
60	69	115	115		2215	2215		9207	1	1	73948
60	69	116	116		2213	2213		9207	1	1	73948
60	69	117	117		2210	2210		9207	1	1	73948
60	69	118	118		2208	2208		9207	1	1	73948
60	69	119	119		2205	2205		9207	1	1	73948
60	69	120	120		2203	2203		9207	1	1	73948
60	69	121	121		2200	2200		9207	1	1	73948
60	69	122	122		2198	2198		9207	1	1	73948
60	69	123	123		2195	2195		9207	1	1	73948
60	69	124	124		2193	2193		9207	1	1	73948
60	69	125	125		2190	2190		9207	1	1	73948
60	69	126	126		2188	2188		9207	1	1	73948
60	69	127	127		2185	2185		9207	1	1	73948
60	69	128	128		2183	2183		9207	1	1	73948
60	69	129	129		2180	2180		9207	1	1	73948
60	69	130	130		2178	2178		9207	1	1	73948
60	69	131	131		2175	2175		9207	1	1	73948
60	69	132	132		2173	2173		9207	1	1	73948
60	69	133	133		2170	2170		9207	1	1	73948
60	69	134	134		2168	2168		9207	1	1	73948
60	69	135	135		2165	2165		9207	1	1	73948
60	69	136	136		2163	2163		9207	1	1	73948
60	69	137	137		2160	2160		9207	1	1	73948
60	69	138	138		2158	2158		9207	1	1	73948
60	69	139	139		2155	2155		9207	1	1	73948
60	69	140	140		2153	2153		9207	1	1	73948
60	69	141	141		2150	2150		9207	1	1	73948
60	69	142	142		2148	2148		9207	1	1	73948
60	69	143	143		2145	2145		9207	1	1	73948
60	69	144	144		2143	2143		9207	1	1	73948
60	69	145	145		2140	2140		9207	1	1	73948
60	69	146	146		2138	2138		9207	1	1	73948
60	69	147	147		2135	2135		9207	1	1	73948
60	69	148	148		2133	2133		9207	1	1	73948
60	69	149	149		2130	2130		9207	1	1	73948
60	69	150	150		2128	2128		9207	1	1	73948
60	69	151	151		2125	2125		9207	1	1	73948
60	69	152	152		2123	2123		9207	1	1	73948
60	69	153	153		2120	2120		9207	1	1	73948
60	69	154	154		2118	2118		9207	1	1	73948
60	69	155	155		2115	2115		9207	1	1	73948
60	69	156	156		2113	2113		9207	1	1	73948
60	69	157	157		2110	2110		9207	1	1	73948
60	69	158	158		2108	2108		9207	1	1	73948
60	69	159	159		2105	2105		9207	1	1	73948
60	69	160	160		2103	2103		9207	1	1	73948
60	69	161	161		2100	2100		9207	1	1	73948
60	69	162	162		2098	2098		9207	1	1	73948
60	69	163	163		2095	2095		9207	1	1	73948
60	69	164	164		2093	2093		9207	1	1	73948
60	69	165	165		2090	2090		9207	1	1	73948
60	69	166	166		2088	2088		9207	1	1	73948
60	69	167	167		2085	2085		9207	1	1	73948
60	69	168	168		2083	2083		9207	1	1	73948
60	69	169	169		2080	2080		9207	1	1	73948
60	69	170	170		2078	2078		9207	1	1	73948
60	69	171	171		2075	2075		9207	1	1	73948
60	69	172	172		2073	2073		9207	1	1	73948
60	69	173	173		2070	2070		9207	1	1	73948
60	69	174	174		2068	2068		9207	1	1	73948
60	69	175	175		2065	2065		9207	1	1	73948
60	69	176	176		2063	2063		9207	1	1	73948
60	69	177	177		2060	2060		9207	1	1	73948
60	69	178	178		2058	2058		9207	1	1	73948
60	69	179	179		2055	2055		9207	1	1	73948
60	69	180	180		2053	2053		9207	1	1	73948
60	69	181	181		2050	2050		9207	1	1	73948
60	69	182	182		2048	2048		9207	1	1	73948
60	69	183	183		2045	2045		9207	1	1	73948
60	69	184	184		2043	2043		9207	1	1	73948
60	69	185	185		2040	2040		9207	1	1	73948
60	69	186	186		2038	2038		9207	1	1	73948
60	69	187	187		2035	2035		9207	1	1	73948
60	69	188	188		2033	2033		9207	1	1	73948
60	69	189	189		2030	2030		9207	1	1	73948
60	69	190	190		2028	2028		9207	1	1	73948
60	69	191	191		2025	2025		9207	1	1	73948
60	69	192	192		2023	2023		9207	1	1	73948
60	69	193	193		2020	2020		9207	1	1	73948
60	69	194	194		2018	2018		9207	1	1	73948
60	69	195	195		2015	2015		9207	1	1	73948
60	69	196	196		2013	2013		9207	1	1	73948
60	69	197	197		2010	2010		9207	1	1	73948
60	69	198	198		2008	2008		9207	1	1	73948
60	69	199	199		2005	2005		9207	1	1	73948
60	69	200	200		2003	2003		9207	1	1	73948
60	69	201	99999		2000	2000		9208	1	1	73949
70	80	1	1		9000	9000		9404	1	1	73950
70	80	2	2		7500	7500		9405	1	1	73951
70	80	3	3		6000	6000		9406	1	1	73952
70	80	4	4		4500	4500		9407	1	1	73953
70	80	5	5		4410	4410		9407	1	1	73953
70	80	6	6		4320	4320		9407	1	1	73953
70	80	7	7		4230	4230		9407	1	1	73953
70	80	8	8		4140	4140		9407	1	1	73953
70	80	9	9		4050	4050		9407	1	1	73953
70	80	10	10		3960	3960		9407	1	1	73953
70	80	11	11		3900	3900		9408	1	1	73954
70	80	12	12		3870	3870		9408	1	1	73954
70	80	13	13		3840	3840		9408	1	1	73954
70	80	14	14		3810	3810		9408	1	1	73954
70	80	15	15		3780	3780		9408	1	1	73954
70	80	16	16		3750	3750		9408	1	1	73954
70	80	17	17		3720	3720		9408	1	1	73954
70	80	18	18		3690	3690		9408	1	1	73954
70	80	19	19		3660	3660		9408	1	1	73954
70	80	20	20		3630	3630		9408	1	1	73954
70	80	21	21		3600	3600		9409	1	1	73955
70	80	22	22		3570	3570		9409	1	1	73955
70	80	23	23		3540	3540		9409	1	1	73955
70	80	24	24		3510	3510		9409	1	1	73955
70	80	25	25		3480	3480		9409	1	1	73955
70	80	26	26		3450	3450		9409	1	1	73955
70	80	27	27		3420	3420		9409	1	1	73955
70	80	28	28		3390	3390		9409	1	1	73955
70	80	29	29		3360	3360		9409	1	1	73955
70	80	30	30		3330	3330		9409	1	1	73955
70	80	31	31		3300	3300		9409	1	1	73955
70	80	32	32		3285	3285		9409	1	1	73955
70	80	33	33		3270	3270		9409	1	1	73955
70	80	34	34		3255	3255		9409	1	1	73955
70	80	35	35		3240	3240		9409	1	1	73955
70	80	36	36		3225	3225		9409	1	1	73955
70	80	37	37		3210	3210		9409	1	1	73955
70	80	38	38		3195	3195		9409	1	1	73955
70	80	39	39		3180	3180		9409	1	1	73955
70	80	40	40		3165	3165		9409	1	1	73955
70	80	41	41		3150	3150		9409	1	1	73955
70	80	42	42		3135	3135		9409	1	1	73955
70	80	43	43		3120	3120		9409	1	1	73955
70	80	44	44		3105	3105		9409	1	1	73955
70	80	45	45		3090	3090		9409	1	1	73955
70	80	46	46		3075	3075		9409	1	1	73955
70	80	47	47		3060	3060		9409	1	1	73955
70	80	48	48		3045	3045		9409	1	1	73955
70	80	49	49		3030	3030		9409	1	1	73955
70	80	50	50		3015	3015		9409	1	1	73955
70	80	51	51		3000	3000		9410	1	1	73956
70	80	52	52		2994	2994		9410	1	1	73956
70	80	53	53		2988	2988		9410	1	1	73956
70	80	54	54		2982	2982		9410	1	1	73956
70	80	55	55		2976	2976		9410	1	1	73956
70	80	56	56		2970	2970		9410	1	1	73956
70	80	57	57		2964	2964		9410	1	1	73956
70	80	58	58		2958	2958		9410	1	1	73956
70	80	59	59		2952	2952		9410	1	1	73956
70	80	60	60		2946	2946		9410	1	1	73956
70	80	61	61		2940	2940		9410	1	1	73956
70	80	62	62		2934	2934		9410	1	1	73956
70	80	63	63		2928	2928		9410	1	1	73956
70	80	64	64		2922	2922		9410	1	1	73956
70	80	65	65		2916	2916		9410	1	1	73956
70	80	66	66		2910	2910		9410	1	1	73956
70	80	67	67		2904	2904		9410	1	1	73956
70	80	68	68		2898	2898		9410	1	1	73956
70	80	69	69		2892	2892		9410	1	1	73956
70	80	70	70		2886	2886		9410	1	1	73956
70	80	71	71		2880	2880		9410	1	1	73956
70	80	72	72		2874	2874		9410	1	1	73956
70	80	73	73		2868	2868		9410	1	1	73956
70	80	74	74		2862	2862		9410	1	1	73956
70	80	75	75		2856	2856		9410	1	1	73956
70	80	76	76		2850	2850		9410	1	1	73956
70	80	77	77		2844	2844		9410	1	1	73956
70	80	78	78		2838	2838		9410	1	1	73956
70	80	79	79		2832	2832		9410	1	1	73956
70	80	80	80		2826	2826		9410	1	1	73956
70	80	81	81		2820	2820		9410	1	1	73956
70	80	82	82		2814	2814		9410	1	1	73956
70	80	83	83		2808	2808		9410	1	1	73956
70	80	84	84		2802	2802		9410	1	1	73956
70	80	85	85		2796	2796		9410	1	1	73956
70	80	86	86		2790	2790		9410	1	1	73956
70	80	87	87		2784	2784		9410	1	1	73956
70	80	88	88		2778	2778		9410	1	1	73956
70	80	89	89		2772	2772		9410	1	1	73956
70	80	90	90		2766	2766		9410	1	1	73956
70	80	91	91		2760	2760		9410	1	1	73956
70	80	92	92		2754	2754		9410	1	1	73956
70	80	93	93		2748	2748		9410	1	1	73956
70	80	94	94		2742	2742		9410	1	1	73956
70	80	95	95		2736	2736		9410	1	1	73956
70	80	96	96		2730	2730		9410	1	1	73956
70	80	97	97		2724	2724		9410	1	1	73956
70	80	98	98		2718	2718		9410	1	1	73956
70	80	99	99		2712	2712		9410	1	1	73956
70	80	100	100		2706	2706		9410	1	1	73956
70	80	101	101		2700	2700		9411	1	1	73957
70	80	102	102		2697	2697		9411	1	1	73957
70	80	103	103		2694	2694		9411	1	1	73957
70	80	104	104		2691	2691		9411	1	1	73957
70	80	105	105		2688	2688		9411	1	1	73957
70	80	106	106		2685	2685		9411	1	1	73957
70	80	107	107		2682	2682		9411	1	1	73957
70	80	108	108		2679	2679		9411	1	1	73957
70	80	109	109		2676	2676		9411	1	1	73957
70	80	110	110		2673	2673		9411	1	1	73957
70	80	111	111		2670	2670		9411	1	1	73957
70	80	112	112		2667	2667		9411	1	1	73957
70	80	113	113		2664	2664		9411	1	1	73957
70	80	114	114		2661	2661		9411	1	1	73957
70	80	115	115		2658	2658		9411	1	1	73957
70	80	116	116		2655	2655		9411	1	1	73957
70	80	117	117		2652	2652		9411	1	1	73957
70	80	118	118		2649	2649		9411	1	1	73957
70	80	119	119		2646	2646		9411	1	1	73957
70	80	120	120		2643	2643		9411	1	1	73957
70	80	121	121		2640	2640		9411	1	1	73957
70	80	122	122		2637	2637		9411	1	1	73957
70	80	123	123		2634	2634		9411	1	1	73957
70	80	124	124		2631	2631		9411	1	1	73957
70	80	125	125		2628	2628		9411	1	1	73957
70	80	126	126		2625	2625		9411	1	1	73957
70	80	127	127		2622	2622		9411	1	1	73957
70	80	128	128		2619	2619		9411	1	1	73957
70	80	129	129		2616	2616		9411	1	1	73957
70	80	130	130		2613	2613		9411	1	1	73957
70	80	131	131		2610	2610		9411	1	1	73957
70	80	132	132		2607	2607		9411	1	1	73957
70	80	133	133		2604	2604		9411	1	1	73957
70	80	134	134		2601	2601		9411	1	1	73957
70	80	135	135		2598	2598		9411	1	1	73957
70	80	136	136		2595	2595		9411	1	1	73957
70	80	137	137		2592	2592		9411	1	1	73957
70	80	138	138		2589	2589		9411	1	1	73957
70	80	139	139		2586	2586		9411	1	1	73957
70	80	140	140		2583	2583		9411	1	1	73957
70	80	141	141		2580	2580		9411	1	1	73957
70	80	142	142		2577	2577		9411	1	1	73957
70	80	143	143		2574	2574		9411	1	1	73957
70	80	144	144		2571	2571		9411	1	1	73957
70	80	145	145		2568	2568		9411	1	1	73957
70	80	146	146		2565	2565		9411	1	1	73957
70	80	147	147		2562	2562		9411	1	1	73957
70	80	148	148		2559	2559		9411	1	1	73957
70	80	149	149		2556	2556		9411	1	1	73957
70	80	150	150		2553	2553		9411	1	1	73957
70	80	151	151		2550	2550		9411	1	1	73957
70	80	152	152		2547	2547		9411	1	1	73957
70	80	153	153		2544	2544		9411	1	1	73957
70	80	154	154		2541	2541		9411	1	1	73957
70	80	155	155		2538	2538		9411	1	1	73957
70	80	156	156		2535	2535		9411	1	1	73957
70	80	157	157		2532	2532		9411	1	1	73957
70	80	158	158		2529	2529		9411	1	1	73957
70	80	159	159		2526	2526		9411	1	1	73957
70	80	160	160		2523	2523		9411	1	1	73957
70	80	161	161		2520	2520		9411	1	1	73957
70	80	162	162		2517	2517		9411	1	1	73957
70	80	163	163		2514	2514		9411	1	1	73957
70	80	164	164		2511	2511		9411	1	1	73957
70	80	165	165		2508	2508		9411	1	1	73957
70	80	166	166		2505	2505		9411	1	1	73957
70	80	167	167		2502	2502		9411	1	1	73957
70	80	168	168		2499	2499		9411	1	1	73957
70	80	169	169		2496	2496		9411	1	1	73957
70	80	170	170		2493	2493		9411	1	1	73957
70	80	171	171		2490	2490		9411	1	1	73957
70	80	172	172		2487	2487		9411	1	1	73957
70	80	173	173		2484	2484		9411	1	1	73957
70	80	174	174		2481	2481		9411	1	1	73957
70	80	175	175		2478	2478		9411	1	1	73957
70	80	176	176		2475	2475		9411	1	1	73957
70	80	177	177		2472	2472		9411	1	1	73957
70	80	178	178		2469	2469		9411	1	1	73957
70	80	179	179		2466	2466		9411	1	1	73957
70	80	180	180		2463	2463		9411	1	1	73957
70	80	181	181		2460	2460		9411	1	1	73957
70	80	182	182		2457	2457		9411	1	1	73957
70	80	183	183		2454	2454		9411	1	1	73957
70	80	184	184		2451	2451		9411	1	1	73957
70	80	185	185		2448	2448		9411	1	1	73957
70	80	186	186		2445	2445		9411	1	1	73957
70	80	187	187		2442	2442		9411	1	1	73957
70	80	188	188		2439	2439		9411	1	1	73957
70	80	189	189		2436	2436		9411	1	1	73957
70	80	190	190		2433	2433		9411	1	1	73957
70	80	191	191		2430	2430		9411	1	1	73957
70	80	192	192		2427	2427		9411	1	1	73957
70	80	193	193		2424	2424		9411	1	1	73957
70	80	194	194		2421	2421		9411	1	1	73957
70	80	195	195		2418	2418		9411	1	1	73957
70	80	196	196		2415	2415		9411	1	1	73957
70	80	197	197		2412	2412		9411	1	1	73957
70	80	198	198		2409	2409		9411	1	1	73957
70	80	199	199		2406	2406		9411	1	1	73957
70	80	200	200		2403	2403		9411	1	1	73957
70	80	201	99999		2400	2400		9412	1	1	73958