ruleId	bornNpcid	bornNpccount	bornNpcDir	bornmapgxbegin	bornmapgxend	bornmapgybegin	bornmapgyend
规则ID	NPC模板ID	NPC数量	方位	坐标X最小值	坐标X最大值	坐标Y最小值	坐标Y最大值
1	01bpb001	1		556	556	465	465
1	01bpxg001	1		269	511	269	511
1	01bpxg001	1		406	600	406	600
1	01bpxg001	1		398	434	398	434
1	01bpxg001	1		568	541	568	541
1	01bpxg001	1		539	368	539	368
1	01bpxg001	1		704	456	704	456
1	01bpxg001	1		652	298	652	298
1	01bpxg001	1		810	371	810	371
1	01bpxg001	1		113	583	113	583
1	01bpxg001	1		265	680	265	680
2	01bpb001	1		556	556	465	465
2	01bpxg001	1		269	511	269	511
2	01bpxg001	1		406	600	406	600
2	01bpxg001	1		398	434	398	434
2	01bpxg001	1		568	541	568	541
2	01bpxg001	1		539	368	539	368
2	01bpxg001	1		704	456	704	456
2	01bpxg001	1		652	298	652	298
2	01bpxg001	1		810	371	810	371
2	01bpxg001	1		113	583	113	583
2	01bpxg001	1		265	680	265	680
1008	01vipfb001	1		1601	1601	655	655
1008	01vipfb001	1		1065	1065	307	307
1008	01vipfb001	1		1761	1761	512	512
1008	01vipfb001	1		1302	1302	325	325
1008	01vipfb001	1		1555	1555	348	348
1008	01vipfb001	1		1090	1090	481	481
1008	01vipfb001	1		1316	1316	460	460
1008	01vipfb001	1		1547	1547	501	501
1008	01vipfb001	1		1594	1594	832	832
1008	01vipfb001	1		1066	1066	653	653
1008	01vipfb001	1		1328	1328	771	771
1008	01vipfb001	1		1337	1337	616	616
1009	01vipfb002	1		1601	1601	655	655
1009	01vipfb002	1		1065	1065	307	307
1009	01vipfb002	1		1761	1761	512	512
1009	01vipfb002	1		1302	1302	325	325
1009	01vipfb002	1		1555	1555	348	348
1009	01vipfb002	1		1090	1090	481	481
1009	01vipfb002	1		1316	1316	460	460
1009	01vipfb002	1		1547	1547	501	501
1009	01vipfb002	1		1594	1594	832	832
1009	01vipfb002	1		1066	1066	653	653
1009	01vipfb002	1		1328	1328	771	771
1009	01vipfb002	1		1337	1337	616	616
1010	01vipfb003	1		1601	1601	655	655
1010	01vipfb003	1		1065	1065	307	307
1010	01vipfb003	1		1761	1761	512	512
1010	01vipfb003	1		1302	1302	325	325
1010	01vipfb003	1		1555	1555	348	348
1010	01vipfb003	1		1090	1090	481	481
1010	01vipfb003	1		1316	1316	460	460
1010	01vipfb003	1		1547	1547	501	501
1010	01vipfb003	1		1594	1594	832	832
1010	01vipfb003	1		1066	1066	653	653
1010	01vipfb003	1		1328	1328	771	771
1010	01vipfb003	1		1337	1337	616	616
1011	01vipfb004	1		1601	1601	655	655
1011	01vipfb004	1		1065	1065	307	307
1011	01vipfb004	1		1761	1761	512	512
1011	01vipfb004	1		1302	1302	325	325
1011	01vipfb004	1		1555	1555	348	348
1011	01vipfb004	1		1090	1090	481	481
1011	01vipfb004	1		1316	1316	460	460
1011	01vipfb004	1		1547	1547	501	501
1011	01vipfb004	1		1594	1594	832	832
1011	01vipfb004	1		1066	1066	653	653
1011	01vipfb004	1		1328	1328	771	771
1011	01vipfb004	1		1337	1337	616	616
1012	01vipfb005	1		1601	1601	655	655
1012	01vipfb005	1		1065	1065	307	307
1012	01vipfb005	1		1761	1761	512	512
1012	01vipfb005	1		1302	1302	325	325
1012	01vipfb005	1		1555	1555	348	348
1012	01vipfb005	1		1090	1090	481	481
1012	01vipfb005	1		1316	1316	460	460
1012	01vipfb005	1		1547	1547	501	501
1012	01vipfb005	1		1594	1594	832	832
1012	01vipfb005	1		1066	1066	653	653
1012	01vipfb005	1		1328	1328	771	771
1012	01vipfb005	1		1337	1337	616	616
1013	01vipfb006	1		1601	1601	655	655
1013	01vipfb006	1		1065	1065	307	307
1013	01vipfb006	1		1761	1761	512	512
1013	01vipfb006	1		1302	1302	325	325
1013	01vipfb006	1		1555	1555	348	348
1013	01vipfb006	1		1090	1090	481	481
1013	01vipfb006	1		1316	1316	460	460
1013	01vipfb006	1		1547	1547	501	501
1013	01vipfb006	1		1594	1594	832	832
1013	01vipfb006	1		1066	1066	653	653
1013	01vipfb006	1		1328	1328	771	771
1013	01vipfb006	1		1337	1337	616	616
1014	01vipfb007	1		1601	1601	655	655
1014	01vipfb007	1		1065	1065	307	307
1014	01vipfb007	1		1761	1761	512	512
1014	01vipfb007	1		1302	1302	325	325
1014	01vipfb007	1		1555	1555	348	348
1014	01vipfb007	1		1090	1090	481	481
1014	01vipfb007	1		1316	1316	460	460
1014	01vipfb007	1		1547	1547	501	501
1014	01vipfb007	1		1594	1594	832	832
1014	01vipfb007	1		1066	1066	653	653
1014	01vipfb007	1		1328	1328	771	771
1014	01vipfb007	1		1337	1337	616	616
1015	01vipfb008	1		1601	1601	655	655
1015	01vipfb008	1		1065	1065	307	307
1015	01vipfb008	1		1761	1761	512	512
1015	01vipfb008	1		1302	1302	325	325
1015	01vipfb008	1		1555	1555	348	348
1015	01vipfb008	1		1090	1090	481	481
1015	01vipfb008	1		1316	1316	460	460
1015	01vipfb008	1		1547	1547	501	501
1015	01vipfb008	1		1594	1594	832	832
1015	01vipfb008	1		1066	1066	653	653
1015	01vipfb008	1		1328	1328	771	771
1015	01vipfb008	1		1337	1337	616	616
1016	01vipfb009	1		1601	1601	655	655
1016	01vipfb009	1		1065	1065	307	307
1016	01vipfb009	1		1761	1761	512	512
1016	01vipfb009	1		1302	1302	325	325
1016	01vipfb009	1		1555	1555	348	348
1016	01vipfb009	1		1090	1090	481	481
1016	01vipfb009	1		1316	1316	460	460
1016	01vipfb009	1		1547	1547	501	501
1016	01vipfb009	1		1594	1594	832	832
1016	01vipfb009	1		1066	1066	653	653
1016	01vipfb009	1		1328	1328	771	771
1016	01vipfb009	1		1337	1337	616	616
1017	01vipfb010	1		1601	1601	655	655
1017	01vipfb010	1		1065	1065	307	307
1017	01vipfb010	1		1761	1761	512	512
1017	01vipfb010	1		1302	1302	325	325
1017	01vipfb010	1		1555	1555	348	348
1017	01vipfb010	1		1090	1090	481	481
1017	01vipfb010	1		1316	1316	460	460
1017	01vipfb010	1		1547	1547	501	501
1017	01vipfb010	1		1594	1594	832	832
1017	01vipfb010	1		1066	1066	653	653
1017	01vipfb010	1		1328	1328	771	771
1017	01vipfb010	1		1337	1337	616	616
							
1018	02vipfb001	1		1292	1292	1181	1181
1018	02vipfb001	1		1426	1426	1007	1007
1018	02vipfb001	1		1666	1666	1067	1067
1018	02vipfb001	1		1117	1117	1241	1241
1018	02vipfb001	1		1511	1511	1166	1166
1018	02vipfb001	1		1743	1743	1243	1243
1018	02vipfb001	1		1131	1131	1447	1447
1018	02vipfb001	1		1331	1331	1375	1375
1018	02vipfb001	1		1642	1642	1550	1550
1018	02vipfb001	1		1217	1217	1667	1667
1018	02vipfb001	1		1414	1414	1562	1562
1018	02vipfb001	1		1558	1558	1344	1344
1019	02vipfb002	1		1292	1292	1181	1181
1019	02vipfb002	1		1426	1426	1007	1007
1019	02vipfb002	1		1666	1666	1067	1067
1019	02vipfb002	1		1117	1117	1241	1241
1019	02vipfb002	1		1511	1511	1166	1166
1019	02vipfb002	1		1743	1743	1243	1243
1019	02vipfb002	1		1131	1131	1447	1447
1019	02vipfb002	1		1331	1331	1375	1375
1019	02vipfb002	1		1642	1642	1550	1550
1019	02vipfb002	1		1217	1217	1667	1667
1019	02vipfb002	1		1414	1414	1562	1562
1019	02vipfb002	1		1558	1558	1344	1344
1020	02vipfb003	1		1292	1292	1181	1181
1020	02vipfb003	1		1426	1426	1007	1007
1020	02vipfb003	1		1666	1666	1067	1067
1020	02vipfb003	1		1117	1117	1241	1241
1020	02vipfb003	1		1511	1511	1166	1166
1020	02vipfb003	1		1743	1743	1243	1243
1020	02vipfb003	1		1131	1131	1447	1447
1020	02vipfb003	1		1331	1331	1375	1375
1020	02vipfb003	1		1642	1642	1550	1550
1020	02vipfb003	1		1217	1217	1667	1667
1020	02vipfb003	1		1414	1414	1562	1562
1020	02vipfb003	1		1558	1558	1344	1344
1021	02vipfb004	1		1292	1292	1181	1181
1021	02vipfb004	1		1426	1426	1007	1007
1021	02vipfb004	1		1666	1666	1067	1067
1021	02vipfb004	1		1117	1117	1241	1241
1021	02vipfb004	1		1511	1511	1166	1166
1021	02vipfb004	1		1743	1743	1243	1243
1021	02vipfb004	1		1131	1131	1447	1447
1021	02vipfb004	1		1331	1331	1375	1375
1021	02vipfb004	1		1642	1642	1550	1550
1021	02vipfb004	1		1217	1217	1667	1667
1021	02vipfb004	1		1414	1414	1562	1562
1021	02vipfb004	1		1558	1558	1344	1344
1022	02vipfb005	1		1292	1292	1181	1181
1022	02vipfb005	1		1426	1426	1007	1007
1022	02vipfb005	1		1666	1666	1067	1067
1022	02vipfb005	1		1117	1117	1241	1241
1022	02vipfb005	1		1511	1511	1166	1166
1022	02vipfb005	1		1743	1743	1243	1243
1022	02vipfb005	1		1131	1131	1447	1447
1022	02vipfb005	1		1331	1331	1375	1375
1022	02vipfb005	1		1642	1642	1550	1550
1022	02vipfb005	1		1217	1217	1667	1667
1022	02vipfb005	1		1414	1414	1562	1562
1022	02vipfb005	1		1558	1558	1344	1344
1023	02vipfb006	1		1292	1292	1181	1181
1023	02vipfb006	1		1426	1426	1007	1007
1023	02vipfb006	1		1666	1666	1067	1067
1023	02vipfb006	1		1117	1117	1241	1241
1023	02vipfb006	1		1511	1511	1166	1166
1023	02vipfb006	1		1743	1743	1243	1243
1023	02vipfb006	1		1131	1131	1447	1447
1023	02vipfb006	1		1331	1331	1375	1375
1023	02vipfb006	1		1642	1642	1550	1550
1023	02vipfb006	1		1217	1217	1667	1667
1023	02vipfb006	1		1414	1414	1562	1562
1023	02vipfb006	1		1558	1558	1344	1344
1024	02vipfb007	1		1292	1292	1181	1181
1024	02vipfb007	1		1426	1426	1007	1007
1024	02vipfb007	1		1666	1666	1067	1067
1024	02vipfb007	1		1117	1117	1241	1241
1024	02vipfb007	1		1511	1511	1166	1166
1024	02vipfb007	1		1743	1743	1243	1243
1024	02vipfb007	1		1131	1131	1447	1447
1024	02vipfb007	1		1331	1331	1375	1375
1024	02vipfb007	1		1642	1642	1550	1550
1024	02vipfb007	1		1217	1217	1667	1667
1024	02vipfb007	1		1414	1414	1562	1562
1024	02vipfb007	1		1558	1558	1344	1344
1025	02vipfb008	1		1292	1292	1181	1181
1025	02vipfb008	1		1426	1426	1007	1007
1025	02vipfb008	1		1666	1666	1067	1067
1025	02vipfb008	1		1117	1117	1241	1241
1025	02vipfb008	1		1511	1511	1166	1166
1025	02vipfb008	1		1743	1743	1243	1243
1025	02vipfb008	1		1131	1131	1447	1447
1025	02vipfb008	1		1331	1331	1375	1375
1025	02vipfb008	1		1642	1642	1550	1550
1025	02vipfb008	1		1217	1217	1667	1667
1025	02vipfb008	1		1414	1414	1562	1562
1025	02vipfb008	1		1558	1558	1344	1344
1026	02vipfb009	1		1292	1292	1181	1181
1026	02vipfb009	1		1426	1426	1007	1007
1026	02vipfb009	1		1666	1666	1067	1067
1026	02vipfb009	1		1117	1117	1241	1241
1026	02vipfb009	1		1511	1511	1166	1166
1026	02vipfb009	1		1743	1743	1243	1243
1026	02vipfb009	1		1131	1131	1447	1447
1026	02vipfb009	1		1331	1331	1375	1375
1026	02vipfb009	1		1642	1642	1550	1550
1026	02vipfb009	1		1217	1217	1667	1667
1026	02vipfb009	1		1414	1414	1562	1562
1026	02vipfb009	1		1558	1558	1344	1344
1027	02vipfb010	1		1292	1292	1181	1181
1027	02vipfb010	1		1426	1426	1007	1007
1027	02vipfb010	1		1666	1666	1067	1067
1027	02vipfb010	1		1117	1117	1241	1241
1027	02vipfb010	1		1511	1511	1166	1166
1027	02vipfb010	1		1743	1743	1243	1243
1027	02vipfb010	1		1131	1131	1447	1447
1027	02vipfb010	1		1331	1331	1375	1375
1027	02vipfb010	1		1642	1642	1550	1550
1027	02vipfb010	1		1217	1217	1667	1667
1027	02vipfb010	1		1414	1414	1562	1562
1027	02vipfb010	1		1558	1558	1344	1344
							
1028	03vipfb001	1		305	305	1032	1032
1028	03vipfb001	1		560	560	1011	1011
1028	03vipfb001	1		921	921	1197	1197
1028	03vipfb001	1		535	535	1205	1205
1028	03vipfb001	1		717	717	1121	1121
1028	03vipfb001	1		885	885	1439	1439
1028	03vipfb001	1		325	325	1206	1206
1028	03vipfb001	1		399	399	1421	1421
1028	03vipfb001	1		667	667	1384	1384
1028	03vipfb001	1		186	186	1479	1479
1028	03vipfb001	1		552	552	1590	1590
1028	03vipfb001	1		822	822	1636	1636
1029	03vipfb002	1		305	305	1032	1032
1029	03vipfb002	1		560	560	1011	1011
1029	03vipfb002	1		921	921	1197	1197
1029	03vipfb002	1		535	535	1205	1205
1029	03vipfb002	1		717	717	1121	1121
1029	03vipfb002	1		885	885	1439	1439
1029	03vipfb002	1		325	325	1206	1206
1029	03vipfb002	1		399	399	1421	1421
1029	03vipfb002	1		667	667	1384	1384
1029	03vipfb002	1		186	186	1479	1479
1029	03vipfb002	1		552	552	1590	1590
1029	03vipfb002	1		822	822	1636	1636
1030	03vipfb003	1		305	305	1032	1032
1030	03vipfb003	1		560	560	1011	1011
1030	03vipfb003	1		921	921	1197	1197
1030	03vipfb003	1		535	535	1205	1205
1030	03vipfb003	1		717	717	1121	1121
1030	03vipfb003	1		885	885	1439	1439
1030	03vipfb003	1		325	325	1206	1206
1030	03vipfb003	1		399	399	1421	1421
1030	03vipfb003	1		667	667	1384	1384
1030	03vipfb003	1		186	186	1479	1479
1030	03vipfb003	1		552	552	1590	1590
1030	03vipfb003	1		822	822	1636	1636
1031	03vipfb004	1		305	305	1032	1032
1031	03vipfb004	1		560	560	1011	1011
1031	03vipfb004	1		921	921	1197	1197
1031	03vipfb004	1		535	535	1205	1205
1031	03vipfb004	1		717	717	1121	1121
1031	03vipfb004	1		885	885	1439	1439
1031	03vipfb004	1		325	325	1206	1206
1031	03vipfb004	1		399	399	1421	1421
1031	03vipfb004	1		667	667	1384	1384
1031	03vipfb004	1		186	186	1479	1479
1031	03vipfb004	1		552	552	1590	1590
1031	03vipfb004	1		822	822	1636	1636
1032	03vipfb005	1		305	305	1032	1032
1032	03vipfb005	1		560	560	1011	1011
1032	03vipfb005	1		921	921	1197	1197
1032	03vipfb005	1		535	535	1205	1205
1032	03vipfb005	1		717	717	1121	1121
1032	03vipfb005	1		885	885	1439	1439
1032	03vipfb005	1		325	325	1206	1206
1032	03vipfb005	1		399	399	1421	1421
1032	03vipfb005	1		667	667	1384	1384
1032	03vipfb005	1		186	186	1479	1479
1032	03vipfb005	1		552	552	1590	1590
1032	03vipfb005	1		822	822	1636	1636
1033	03vipfb006	1		305	305	1032	1032
1033	03vipfb006	1		560	560	1011	1011
1033	03vipfb006	1		921	921	1197	1197
1033	03vipfb006	1		535	535	1205	1205
1033	03vipfb006	1		717	717	1121	1121
1033	03vipfb006	1		885	885	1439	1439
1033	03vipfb006	1		325	325	1206	1206
1033	03vipfb006	1		399	399	1421	1421
1033	03vipfb006	1		667	667	1384	1384
1033	03vipfb006	1		186	186	1479	1479
1033	03vipfb006	1		552	552	1590	1590
1033	03vipfb006	1		822	822	1636	1636
1034	03vipfb007	1		305	305	1032	1032
1034	03vipfb007	1		560	560	1011	1011
1034	03vipfb007	1		921	921	1197	1197
1034	03vipfb007	1		535	535	1205	1205
1034	03vipfb007	1		717	717	1121	1121
1034	03vipfb007	1		885	885	1439	1439
1034	03vipfb007	1		325	325	1206	1206
1034	03vipfb007	1		399	399	1421	1421
1034	03vipfb007	1		667	667	1384	1384
1034	03vipfb007	1		186	186	1479	1479
1034	03vipfb007	1		552	552	1590	1590
1034	03vipfb007	1		822	822	1636	1636
1035	03vipfb008	1		305	305	1032	1032
1035	03vipfb008	1		560	560	1011	1011
1035	03vipfb008	1		921	921	1197	1197
1035	03vipfb008	1		535	535	1205	1205
1035	03vipfb008	1		717	717	1121	1121
1035	03vipfb008	1		885	885	1439	1439
1035	03vipfb008	1		325	325	1206	1206
1035	03vipfb008	1		399	399	1421	1421
1035	03vipfb008	1		667	667	1384	1384
1035	03vipfb008	1		186	186	1479	1479
1035	03vipfb008	1		552	552	1590	1590
1035	03vipfb008	1		822	822	1636	1636
1036	03vipfb009	1		305	305	1032	1032
1036	03vipfb009	1		560	560	1011	1011
1036	03vipfb009	1		921	921	1197	1197
1036	03vipfb009	1		535	535	1205	1205
1036	03vipfb009	1		717	717	1121	1121
1036	03vipfb009	1		885	885	1439	1439
1036	03vipfb009	1		325	325	1206	1206
1036	03vipfb009	1		399	399	1421	1421
1036	03vipfb009	1		667	667	1384	1384
1036	03vipfb009	1		186	186	1479	1479
1036	03vipfb009	1		552	552	1590	1590
1036	03vipfb009	1		822	822	1636	1636
1037	03vipfb010	1		305	305	1032	1032
1037	03vipfb010	1		560	560	1011	1011
1037	03vipfb010	1		921	921	1197	1197
1037	03vipfb010	1		535	535	1205	1205
1037	03vipfb010	1		717	717	1121	1121
1037	03vipfb010	1		885	885	1439	1439
1037	03vipfb010	1		325	325	1206	1206
1037	03vipfb010	1		399	399	1421	1421
1037	03vipfb010	1		667	667	1384	1384
1037	03vipfb010	1		186	186	1479	1479
1037	03vipfb010	1		552	552	1590	1590
1037	03vipfb010	1		822	822	1636	1636
							
							
1038	01vipfb011	1		1601	1601	655	655
1038	01vipfb011	1		1065	1065	307	307
1038	01vipfb011	1		1761	1761	512	512
1038	01vipfb011	1		1302	1302	325	325
1038	01vipfb011	1		1555	1555	348	348
1038	01vipfb011	1		1090	1090	481	481
1038	01vipfb011	1		1316	1316	460	460
1038	01vipfb011	1		1547	1547	501	501
1038	01vipfb011	1		1594	1594	832	832
1038	01vipfb011	1		1066	1066	653	653
1038	01vipfb011	1		1328	1328	771	771
1038	01vipfb011	1		1337	1337	616	616
							
1039	02vipfb011	1		1292	1292	1181	1181
1039	02vipfb011	1		1426	1426	1007	1007
1039	02vipfb011	1		1666	1666	1067	1067
1039	02vipfb011	1		1117	1117	1241	1241
1039	02vipfb011	1		1511	1511	1166	1166
1039	02vipfb011	1		1743	1743	1243	1243
1039	02vipfb011	1		1131	1131	1447	1447
1039	02vipfb011	1		1331	1331	1375	1375
1039	02vipfb011	1		1642	1642	1550	1550
1039	02vipfb011	1		1217	1217	1667	1667
1039	02vipfb011	1		1414	1414	1562	1562
1039	02vipfb011	1		1558	1558	1344	1344
							
1040	03vipfb011	1		305	305	1032	1032
1040	03vipfb011	1		560	560	1011	1011
1040	03vipfb011	1		921	921	1197	1197
1040	03vipfb011	1		535	535	1205	1205
1040	03vipfb011	1		717	717	1121	1121
1040	03vipfb011	1		885	885	1439	1439
1040	03vipfb011	1		325	325	1206	1206
1040	03vipfb011	1		399	399	1421	1421
1040	03vipfb011	1		667	667	1384	1384
1040	03vipfb011	1		186	186	1479	1479
1040	03vipfb011	1		552	552	1590	1590
1040	03vipfb011	1		822	822	1636	1636
							
							
1041	01vipfb012	1		1601	1601	655	655
1041	01vipfb012	1		1065	1065	307	307
1041	01vipfb012	1		1761	1761	512	512
1041	01vipfb012	1		1302	1302	325	325
1041	01vipfb012	1		1555	1555	348	348
1041	01vipfb012	1		1090	1090	481	481
1041	01vipfb012	1		1316	1316	460	460
1041	01vipfb012	1		1547	1547	501	501
1041	01vipfb012	1		1594	1594	832	832
1041	01vipfb012	1		1066	1066	653	653
1041	01vipfb012	1		1328	1328	771	771
1041	01vipfb012	1		1337	1337	616	616
							
1042	02vipfb012	1		1292	1292	1181	1181
1042	02vipfb012	1		1426	1426	1007	1007
1042	02vipfb012	1		1666	1666	1067	1067
1042	02vipfb012	1		1117	1117	1241	1241
1042	02vipfb012	1		1511	1511	1166	1166
1042	02vipfb012	1		1743	1743	1243	1243
1042	02vipfb012	1		1131	1131	1447	1447
1042	02vipfb012	1		1331	1331	1375	1375
1042	02vipfb012	1		1642	1642	1550	1550
1042	02vipfb012	1		1217	1217	1667	1667
1042	02vipfb012	1		1414	1414	1562	1562
1042	02vipfb012	1		1558	1558	1344	1344
							
1043	03vipfb012	1		305	305	1032	1032
1043	03vipfb012	1		560	560	1011	1011
1043	03vipfb012	1		921	921	1197	1197
1043	03vipfb012	1		535	535	1205	1205
1043	03vipfb012	1		717	717	1121	1121
1043	03vipfb012	1		885	885	1439	1439
1043	03vipfb012	1		325	325	1206	1206
1043	03vipfb012	1		399	399	1421	1421
1043	03vipfb012	1		667	667	1384	1384
1043	03vipfb012	1		186	186	1479	1479
1043	03vipfb012	1		552	552	1590	1590
1043	03vipfb012	1		822	822	1636	1636
							
							
1044	01vipfb013	1		1601	1601	655	655
1044	01vipfb013	1		1065	1065	307	307
1044	01vipfb013	1		1761	1761	512	512
1044	01vipfb013	1		1302	1302	325	325
1044	01vipfb013	1		1555	1555	348	348
1044	01vipfb013	1		1090	1090	481	481
1044	01vipfb013	1		1316	1316	460	460
1044	01vipfb013	1		1547	1547	501	501
1044	01vipfb013	1		1594	1594	832	832
1044	01vipfb013	1		1066	1066	653	653
1044	01vipfb013	1		1328	1328	771	771
1044	01vipfb013	1		1337	1337	616	616
							
1045	02vipfb013	1		1292	1292	1181	1181
1045	02vipfb013	1		1426	1426	1007	1007
1045	02vipfb013	1		1666	1666	1067	1067
1045	02vipfb013	1		1117	1117	1241	1241
1045	02vipfb013	1		1511	1511	1166	1166
1045	02vipfb013	1		1743	1743	1243	1243
1045	02vipfb013	1		1131	1131	1447	1447
1045	02vipfb013	1		1331	1331	1375	1375
1045	02vipfb013	1		1642	1642	1550	1550
1045	02vipfb013	1		1217	1217	1667	1667
1045	02vipfb013	1		1414	1414	1562	1562
1045	02vipfb013	1		1558	1558	1344	1344
							
1046	03vipfb013	1		305	305	1032	1032
1046	03vipfb013	1		560	560	1011	1011
1046	03vipfb013	1		921	921	1197	1197
1046	03vipfb013	1		535	535	1205	1205
1046	03vipfb013	1		717	717	1121	1121
1046	03vipfb013	1		885	885	1439	1439
1046	03vipfb013	1		325	325	1206	1206
1046	03vipfb013	1		399	399	1421	1421
1046	03vipfb013	1		667	667	1384	1384
1046	03vipfb013	1		186	186	1479	1479
1046	03vipfb013	1		552	552	1590	1590
1046	03vipfb013	1		822	822	1636	1636
							
							
1047	01vipfb014	1		1601	1601	655	655
1047	01vipfb014	1		1065	1065	307	307
1047	01vipfb014	1		1761	1761	512	512
1047	01vipfb014	1		1302	1302	325	325
1047	01vipfb014	1		1555	1555	348	348
1047	01vipfb014	1		1090	1090	481	481
1047	01vipfb014	1		1316	1316	460	460
1047	01vipfb014	1		1547	1547	501	501
1047	01vipfb014	1		1594	1594	832	832
1047	01vipfb014	1		1066	1066	653	653
1047	01vipfb014	1		1328	1328	771	771
1047	01vipfb014	1		1337	1337	616	616
							
1048	02vipfb014	1		1292	1292	1181	1181
1048	02vipfb014	1		1426	1426	1007	1007
1048	02vipfb014	1		1666	1666	1067	1067
1048	02vipfb014	1		1117	1117	1241	1241
1048	02vipfb014	1		1511	1511	1166	1166
1048	02vipfb014	1		1743	1743	1243	1243
1048	02vipfb014	1		1131	1131	1447	1447
1048	02vipfb014	1		1331	1331	1375	1375
1048	02vipfb014	1		1642	1642	1550	1550
1048	02vipfb014	1		1217	1217	1667	1667
1048	02vipfb014	1		1414	1414	1562	1562
1048	02vipfb014	1		1558	1558	1344	1344
							
1049	03vipfb014	1		305	305	1032	1032
1049	03vipfb014	1		560	560	1011	1011
1049	03vipfb014	1		921	921	1197	1197
1049	03vipfb014	1		535	535	1205	1205
1049	03vipfb014	1		717	717	1121	1121
1049	03vipfb014	1		885	885	1439	1439
1049	03vipfb014	1		325	325	1206	1206
1049	03vipfb014	1		399	399	1421	1421
1049	03vipfb014	1		667	667	1384	1384
1049	03vipfb014	1		186	186	1479	1479
1049	03vipfb014	1		552	552	1590	1590
1049	03vipfb014	1		822	822	1636	1636
							
							
1050	01vipfb015	1		1601	1601	655	655
1050	01vipfb015	1		1065	1065	307	307
1050	01vipfb015	1		1761	1761	512	512
1050	01vipfb015	1		1302	1302	325	325
1050	01vipfb015	1		1555	1555	348	348
1050	01vipfb015	1		1090	1090	481	481
1050	01vipfb015	1		1316	1316	460	460
1050	01vipfb015	1		1547	1547	501	501
1050	01vipfb015	1		1594	1594	832	832
1050	01vipfb015	1		1066	1066	653	653
1050	01vipfb015	1		1328	1328	771	771
1050	01vipfb015	1		1337	1337	616	616
							
1051	02vipfb015	1		1292	1292	1181	1181
1051	02vipfb015	1		1426	1426	1007	1007
1051	02vipfb015	1		1666	1666	1067	1067
1051	02vipfb015	1		1117	1117	1241	1241
1051	02vipfb015	1		1511	1511	1166	1166
1051	02vipfb015	1		1743	1743	1243	1243
1051	02vipfb015	1		1131	1131	1447	1447
1051	02vipfb015	1		1331	1331	1375	1375
1051	02vipfb015	1		1642	1642	1550	1550
1051	02vipfb015	1		1217	1217	1667	1667
1051	02vipfb015	1		1414	1414	1562	1562
1051	02vipfb015	1		1558	1558	1344	1344
							
1052	03vipfb015	1		305	305	1032	1032
1052	03vipfb015	1		560	560	1011	1011
1052	03vipfb015	1		921	921	1197	1197
1052	03vipfb015	1		535	535	1205	1205
1052	03vipfb015	1		717	717	1121	1121
1052	03vipfb015	1		885	885	1439	1439
1052	03vipfb015	1		325	325	1206	1206
1052	03vipfb015	1		399	399	1421	1421
1052	03vipfb015	1		667	667	1384	1384
1052	03vipfb015	1		186	186	1479	1479
1052	03vipfb015	1		552	552	1590	1590
1052	03vipfb015	1		822	822	1636	1636
							
1053	01vipfb016	1		1601	1601	655	655
1053	01vipfb016	1		1065	1065	307	307
1053	01vipfb016	1		1761	1761	512	512
1053	01vipfb016	1		1302	1302	325	325
1053	01vipfb016	1		1555	1555	348	348
1053	01vipfb016	1		1090	1090	481	481
1053	01vipfb016	1		1316	1316	460	460
1053	01vipfb016	1		1547	1547	501	501
1053	01vipfb016	1		1594	1594	832	832
1053	01vipfb016	1		1066	1066	653	653
1053	01vipfb016	1		1328	1328	771	771
1053	01vipfb016	1		1337	1337	616	616
							
1054	02vipfb016	1		1292	1292	1181	1181
1054	02vipfb016	1		1426	1426	1007	1007
1054	02vipfb016	1		1666	1666	1067	1067
1054	02vipfb016	1		1117	1117	1241	1241
1054	02vipfb016	1		1511	1511	1166	1166
1054	02vipfb016	1		1743	1743	1243	1243
1054	02vipfb016	1		1131	1131	1447	1447
1054	02vipfb016	1		1331	1331	1375	1375
1054	02vipfb016	1		1642	1642	1550	1550
1054	02vipfb016	1		1217	1217	1667	1667
1054	02vipfb016	1		1414	1414	1562	1562
1054	02vipfb016	1		1558	1558	1344	1344
							
1055	03vipfb016	1		305	305	1032	1032
1055	03vipfb016	1		560	560	1011	1011
1055	03vipfb016	1		921	921	1197	1197
1055	03vipfb016	1		535	535	1205	1205
1055	03vipfb016	1		717	717	1121	1121
1055	03vipfb016	1		885	885	1439	1439
1055	03vipfb016	1		325	325	1206	1206
1055	03vipfb016	1		399	399	1421	1421
1055	03vipfb016	1		667	667	1384	1384
1055	03vipfb016	1		186	186	1479	1479
1055	03vipfb016	1		552	552	1590	1590
1055	03vipfb016	1		822	822	1636	1636
							
105701	01gcz023	1		1747	1747	1080	1080
105801	01gcz024	1		2061	2061	923	923
105901	01gcz025	1		2042	2042	1081	1081
106001	01gcz026	1		1748	1748	917	917
106101	02gcz023	1		1747	1747	1080	1080
106201	02gcz024	1		2061	2061	923	923
106301	02gcz025	1		2042	2042	1081	1081
106401	02gcz026	1		1748	1748	917	917
106501	03gcz023	1		1747	1747	1080	1080
106601	03gcz024	1		2061	2061	923	923
106701	03gcz025	1		2042	2042	1081	1081
106801	03gcz026	1		1748	1748	917	917
106901	04gcz023	1		1747	1747	1080	1080
107001	04gcz024	1		2061	2061	923	923
107101	04gcz025	1		2042	2042	1081	1081
107201	04gcz026	1		1748	1748	917	917
107301	05gcz023	1		1747	1747	1080	1080
107401	05gcz024	1		2061	2061	923	923
107501	05gcz025	1		2042	2042	1081	1081
107601	05gcz026	1		1748	1748	917	917
107701	06gcz023	1		1747	1747	1080	1080
107801	06gcz024	1		2061	2061	923	923
107901	06gcz025	1		2042	2042	1081	1081
108001	06gcz026	1		1748	1748	917	917
108101	07gcz023	1		1747	1747	1080	1080
108201	07gcz024	1		2061	2061	923	923
108301	07gcz025	1		2042	2042	1081	1081
108401	07gcz026	1		1748	1748	917	917
108501	08gcz023	1		1747	1747	1080	1080
108601	08gcz024	1		2061	2061	923	923
108701	08gcz025	1		2042	2042	1081	1081
108801	08gcz026	1		1748	1748	917	917
108901	09gcz023	1		1747	1747	1080	1080
109001	09gcz024	1		2061	2061	923	923
109101	09gcz025	1		2042	2042	1081	1081
109201	09gcz026	1		1748	1748	917	917
109301	10gcz023	1		1747	1747	1080	1080
109401	10gcz024	1		2061	2061	923	923
109501	10gcz025	1		2042	2042	1081	1081
109601	10gcz026	1		1748	1748	917	917
109701	11gcz023	1		1747	1747	1080	1080
109801	11gcz024	1		2061	2061	923	923
109901	11gcz025	1		2042	2042	1081	1081
110001	11gcz026	1		1748	1748	917	917
110101	12gcz023	1		1747	1747	1080	1080
110201	12gcz024	1		2061	2061	923	923
110301	12gcz025	1		2042	2042	1081	1081
110401	12gcz026	1		1748	1748	917	917
110501	13gcz023	1		1747	1747	1080	1080
110601	13gcz024	1		2061	2061	923	923
110701	13gcz025	1		2042	2042	1081	1081
110801	13gcz026	1		1748	1748	917	917
110901	14gcz023	1		1747	1747	1080	1080
111001	14gcz024	1		2061	2061	923	923
111101	14gcz025	1		2042	2042	1081	1081
111201	14gcz026	1		1748	1748	917	917
111301	15gcz023	1		1747	1747	1080	1080
111401	15gcz024	1		2061	2061	923	923
111501	15gcz025	1		2042	2042	1081	1081
111601	15gcz026	1		1748	1748	917	917
111701	16gcz023	1		1747	1747	1080	1080
111801	16gcz024	1		2061	2061	923	923
111901	16gcz025	1		2042	2042	1081	1081
112001	16gcz026	1		1748	1748	917	917
							
112101	01gcz002	1		1376	1749	936	1138
112101	01gcz002	1		1772	2147	752	936
112201	02gcz002	1		1376	1749	936	1138
112201	02gcz002	1		1772	2147	752	936
112301	03gcz002	1		1376	1749	936	1138
112301	03gcz002	1		1772	2147	752	936
112401	04gcz002	1		1376	1749	936	1138
112401	04gcz002	1		1772	2147	752	936
112501	05gcz002	1		1376	1749	936	1138
112501	05gcz002	1		1772	2147	752	936
112601	06gcz002	1		1376	1749	936	1138
112601	06gcz002	1		1772	2147	752	936
112701	07gcz002	1		1376	1749	936	1138
112701	07gcz002	1		1772	2147	752	936
112801	08gcz002	1		1376	1749	936	1138
112801	08gcz002	1		1772	2147	752	936
112901	09gcz002	1		1376	1749	936	1138
112901	09gcz002	1		1772	2147	752	936
113001	10gcz002	1		1376	1749	936	1138
113001	10gcz002	1		1772	2147	752	936
113101	11gcz002	1		1376	1749	936	1138
113101	11gcz002	1		1772	2147	752	936
113201	12gcz002	1		1376	1749	936	1138
113201	12gcz002	1		1772	2147	752	936
113301	13gcz002	1		1376	1749	936	1138
113301	13gcz002	1		1772	2147	752	936
113401	14gcz002	1		1376	1749	936	1138
113401	14gcz002	1		1772	2147	752	936
113501	15gcz002	1		1376	1749	936	1138
113501	15gcz002	1		1772	2147	752	936
113601	16gcz002	1		1376	1749	936	1138
113601	16gcz002	1		1772	2147	752	936
							
113701	01gcz006	1		1927	1927	1235	1235
113701	01gcz006	1		2027	2027	1183	1183
113701	01gcz006	1		2136	2136	1132	1132
113701	01gcz006	1		2225	2225	1085	1085
113701	01gcz006	1		2313	2313	1043	1043
113701	01gcz006	1		2400	2400	1000	1000
113801	02gcz006	1		1927	1927	1235	1235
113801	02gcz006	1		2027	2027	1183	1183
113801	02gcz006	1		2136	2136	1132	1132
113801	02gcz006	1		2225	2225	1085	1085
113801	02gcz006	1		2313	2313	1043	1043
113801	02gcz006	1		2400	2400	1000	1000
113901	03gcz006	1		1927	1927	1235	1235
113901	03gcz006	1		2027	2027	1183	1183
113901	03gcz006	1		2136	2136	1132	1132
113901	03gcz006	1		2225	2225	1085	1085
113901	03gcz006	1		2313	2313	1043	1043
113901	03gcz006	1		2400	2400	1000	1000
114001	04gcz006	1		1927	1927	1235	1235
114001	04gcz006	1		2027	2027	1183	1183
114001	04gcz006	1		2136	2136	1132	1132
114001	04gcz006	1		2225	2225	1085	1085
114001	04gcz006	1		2313	2313	1043	1043
114001	04gcz006	1		2400	2400	1000	1000
114101	05gcz006	1		1927	1927	1235	1235
114101	05gcz006	1		2027	2027	1183	1183
114101	05gcz006	1		2136	2136	1132	1132
114101	05gcz006	1		2225	2225	1085	1085
114101	05gcz006	1		2313	2313	1043	1043
114101	05gcz006	1		2400	2400	1000	1000
114201	06gcz006	1		1927	1927	1235	1235
114201	06gcz006	1		2027	2027	1183	1183
114201	06gcz006	1		2136	2136	1132	1132
114201	06gcz006	1		2225	2225	1085	1085
114201	06gcz006	1		2313	2313	1043	1043
114201	06gcz006	1		2400	2400	1000	1000
114301	07gcz006	1		1927	1927	1235	1235
114301	07gcz006	1		2027	2027	1183	1183
114301	07gcz006	1		2136	2136	1132	1132
114301	07gcz006	1		2225	2225	1085	1085
114301	07gcz006	1		2313	2313	1043	1043
114301	07gcz006	1		2400	2400	1000	1000
114401	08gcz006	1		1927	1927	1235	1235
114401	08gcz006	1		2027	2027	1183	1183
114401	08gcz006	1		2136	2136	1132	1132
114401	08gcz006	1		2225	2225	1085	1085
114401	08gcz006	1		2313	2313	1043	1043
114401	08gcz006	1		2400	2400	1000	1000
114501	09gcz006	1		1927	1927	1235	1235
114501	09gcz006	1		2027	2027	1183	1183
114501	09gcz006	1		2136	2136	1132	1132
114501	09gcz006	1		2225	2225	1085	1085
114501	09gcz006	1		2313	2313	1043	1043
114501	09gcz006	1		2400	2400	1000	1000
114601	10gcz006	1		1927	1927	1235	1235
114601	10gcz006	1		2027	2027	1183	1183
114601	10gcz006	1		2136	2136	1132	1132
114601	10gcz006	1		2225	2225	1085	1085
114601	10gcz006	1		2313	2313	1043	1043
114601	10gcz006	1		2400	2400	1000	1000
114701	11gcz006	1		1927	1927	1235	1235
114701	11gcz006	1		2027	2027	1183	1183
114701	11gcz006	1		2136	2136	1132	1132
114701	11gcz006	1		2225	2225	1085	1085
114701	11gcz006	1		2313	2313	1043	1043
114701	11gcz006	1		2400	2400	1000	1000
114801	12gcz006	1		1927	1927	1235	1235
114801	12gcz006	1		2027	2027	1183	1183
114801	12gcz006	1		2136	2136	1132	1132
114801	12gcz006	1		2225	2225	1085	1085
114801	12gcz006	1		2313	2313	1043	1043
114801	12gcz006	1		2400	2400	1000	1000
114901	13gcz006	1		1927	1927	1235	1235
114901	13gcz006	1		2027	2027	1183	1183
114901	13gcz006	1		2136	2136	1132	1132
114901	13gcz006	1		2225	2225	1085	1085
114901	13gcz006	1		2313	2313	1043	1043
114901	13gcz006	1		2400	2400	1000	1000
115001	14gcz006	1		1927	1927	1235	1235
115001	14gcz006	1		2027	2027	1183	1183
115001	14gcz006	1		2136	2136	1132	1132
115001	14gcz006	1		2225	2225	1085	1085
115001	14gcz006	1		2313	2313	1043	1043
115001	14gcz006	1		2400	2400	1000	1000
115101	15gcz006	1		1927	1927	1235	1235
115101	15gcz006	1		2027	2027	1183	1183
115101	15gcz006	1		2136	2136	1132	1132
115101	15gcz006	1		2225	2225	1085	1085
115101	15gcz006	1		2313	2313	1043	1043
115101	15gcz006	1		2400	2400	1000	1000
115201	16gcz006	1		1927	1927	1235	1235
115201	16gcz006	1		2027	2027	1183	1183
115201	16gcz006	1		2136	2136	1132	1132
115201	16gcz006	1		2225	2225	1085	1085
115201	16gcz006	1		2313	2313	1043	1043
115201	16gcz006	1		2400	2400	1000	1000
							
115301	01gcz021	1		2661	2661	1474	1474
115401	01gcz022	1		2718	2718	1442	1442
115501	02gcz021	1		2661	2661	1474	1474
115601	02gcz022	1		2718	2718	1442	1442
115701	03gcz021	1		2661	2661	1474	1474
115801	03gcz022	1		2718	2718	1442	1442
115901	04gcz021	1		2661	2661	1474	1474
116001	04gcz022	1		2718	2718	1442	1442
116101	05gcz021	1		2661	2661	1474	1474
116201	05gcz022	1		2718	2718	1442	1442
116301	06gcz021	1		2661	2661	1474	1474
116401	06gcz022	1		2718	2718	1442	1442
116501	07gcz021	1		2661	2661	1474	1474
116601	07gcz022	1		2718	2718	1442	1442
116701	08gcz021	1		2661	2661	1474	1474
116801	08gcz022	1		2718	2718	1442	1442
116901	09gcz021	1		2661	2661	1474	1474
117001	09gcz022	1		2718	2718	1442	1442
117101	10gcz021	1		2661	2661	1474	1474
117201	10gcz022	1		2718	2718	1442	1442
117301	11gcz021	1		2661	2661	1474	1474
117401	11gcz022	1		2718	2718	1442	1442
117501	12gcz021	1		2661	2661	1474	1474
117601	12gcz022	1		2718	2718	1442	1442
117701	13gcz021	1		2661	2661	1474	1474
117801	13gcz022	1		2718	2718	1442	1442
117901	14gcz021	1		2661	2661	1474	1474
118001	14gcz022	1		2718	2718	1442	1442
118101	15gcz021	1		2661	2661	1474	1474
118201	15gcz022	1		2718	2718	1442	1442
118301	16gcz021	1		2661	2661	1474	1474
118401	16gcz022	1		2718	2718	1442	1442
							
115302	01gcz021	1		2789	2789	1403	1403
115402	01gcz022	1		2858	2858	1365	1365
115502	02gcz021	1		2789	2789	1403	1403
115602	02gcz022	1		2858	2858	1365	1365
115702	03gcz021	1		2789	2789	1403	1403
115802	03gcz022	1		2858	2858	1365	1365
115902	04gcz021	1		2789	2789	1403	1403
116002	04gcz022	1		2858	2858	1365	1365
116102	05gcz021	1		2789	2789	1403	1403
116202	05gcz022	1		2858	2858	1365	1365
116302	06gcz021	1		2789	2789	1403	1403
116402	06gcz022	1		2858	2858	1365	1365
116502	07gcz021	1		2789	2789	1403	1403
116602	07gcz022	1		2858	2858	1365	1365
116702	08gcz021	1		2789	2789	1403	1403
116802	08gcz022	1		2858	2858	1365	1365
116902	09gcz021	1		2789	2789	1403	1403
117002	09gcz022	1		2858	2858	1365	1365
117102	10gcz021	1		2789	2789	1403	1403
117202	10gcz022	1		2858	2858	1365	1365
117302	11gcz021	1		2789	2789	1403	1403
117402	11gcz022	1		2858	2858	1365	1365
117502	12gcz021	1		2789	2789	1403	1403
117602	12gcz022	1		2858	2858	1365	1365
117702	13gcz021	1		2789	2789	1403	1403
117802	13gcz022	1		2858	2858	1365	1365
117902	14gcz021	1		2789	2789	1403	1403
118002	14gcz022	1		2858	2858	1365	1365
118102	15gcz021	1		2789	2789	1403	1403
118202	15gcz022	1		2858	2858	1365	1365
118302	16gcz021	1		2789	2789	1403	1403
118402	16gcz022	1		2858	2858	1365	1365
							
115303	01gcz021	1		2924	2924	1333	1333
115403	01gcz022	1		2989	2989	1300	1300
115503	02gcz021	1		2924	2924	1333	1333
115603	02gcz022	1		2989	2989	1300	1300
115703	03gcz021	1		2924	2924	1333	1333
115803	03gcz022	1		2989	2989	1300	1300
115903	04gcz021	1		2924	2924	1333	1333
116003	04gcz022	1		2989	2989	1300	1300
116103	05gcz021	1		2924	2924	1333	1333
116203	05gcz022	1		2989	2989	1300	1300
116303	06gcz021	1		2924	2924	1333	1333
116403	06gcz022	1		2989	2989	1300	1300
116503	07gcz021	1		2924	2924	1333	1333
116603	07gcz022	1		2989	2989	1300	1300
116703	08gcz021	1		2924	2924	1333	1333
116803	08gcz022	1		2989	2989	1300	1300
116903	09gcz021	1		2924	2924	1333	1333
117003	09gcz022	1		2989	2989	1300	1300
117103	10gcz021	1		2924	2924	1333	1333
117203	10gcz022	1		2989	2989	1300	1300
117303	11gcz021	1		2924	2924	1333	1333
117403	11gcz022	1		2989	2989	1300	1300
117503	12gcz021	1		2924	2924	1333	1333
117603	12gcz022	1		2989	2989	1300	1300
117703	13gcz021	1		2924	2924	1333	1333
117803	13gcz022	1		2989	2989	1300	1300
117903	14gcz021	1		2924	2924	1333	1333
118003	14gcz022	1		2989	2989	1300	1300
118103	15gcz021	1		2924	2924	1333	1333
118203	15gcz022	1		2989	2989	1300	1300
118303	16gcz021	1		2924	2924	1333	1333
118403	16gcz022	1		2989	2989	1300	1300
							
115304	01gcz021	1		3058	3058	1266	1266
115404	01gcz022	1		3119	1234	3119	1234
115504	02gcz021	1		3058	3058	1266	1266
115604	02gcz022	1		3119	1234	3119	1234
115704	03gcz021	1		3058	3058	1266	1266
115804	03gcz022	1		3119	1234	3119	1234
115904	04gcz021	1		3058	3058	1266	1266
116004	04gcz022	1		3119	1234	3119	1234
116104	05gcz021	1		3058	3058	1266	1266
116204	05gcz022	1		3119	1234	3119	1234
116304	06gcz021	1		3058	3058	1266	1266
116404	06gcz022	1		3119	1234	3119	1234
116504	07gcz021	1		3058	3058	1266	1266
116604	07gcz022	1		3119	1234	3119	1234
116704	08gcz021	1		3058	3058	1266	1266
116804	08gcz022	1		3119	1234	3119	1234
116904	09gcz021	1		3058	3058	1266	1266
117004	09gcz022	1		3119	1234	3119	1234
117104	10gcz021	1		3058	3058	1266	1266
117204	10gcz022	1		3119	1234	3119	1234
117304	11gcz021	1		3058	3058	1266	1266
117404	11gcz022	1		3119	1234	3119	1234
117504	12gcz021	1		3058	3058	1266	1266
117604	12gcz022	1		3119	1234	3119	1234
117704	13gcz021	1		3058	3058	1266	1266
117804	13gcz022	1		3119	1234	3119	1234
117904	14gcz021	1		3058	3058	1266	1266
118004	14gcz022	1		3119	1234	3119	1234
118104	15gcz021	1		3058	3058	1266	1266
118204	15gcz022	1		3119	1234	3119	1234
118304	16gcz021	1		3058	3058	1266	1266
118404	16gcz022	1		3119	1234	3119	1234
							
115305	01gcz021	1		3178	3178	1202	1202
115405	01gcz022	1		3245	3245	1173	1173
115505	02gcz021	1		3178	3178	1202	1202
115605	02gcz022	1		3245	3245	1173	1173
115705	03gcz021	1		3178	3178	1202	1202
115805	03gcz022	1		3245	3245	1173	1173
115905	04gcz021	1		3178	3178	1202	1202
116005	04gcz022	1		3245	3245	1173	1173
116105	05gcz021	1		3178	3178	1202	1202
116205	05gcz022	1		3245	3245	1173	1173
116305	06gcz021	1		3178	3178	1202	1202
116405	06gcz022	1		3245	3245	1173	1173
116505	07gcz021	1		3178	3178	1202	1202
116605	07gcz022	1		3245	3245	1173	1173
116705	08gcz021	1		3178	3178	1202	1202
116805	08gcz022	1		3245	3245	1173	1173
116905	09gcz021	1		3178	3178	1202	1202
117005	09gcz022	1		3245	3245	1173	1173
117105	10gcz021	1		3178	3178	1202	1202
117205	10gcz022	1		3245	3245	1173	1173
117305	11gcz021	1		3178	3178	1202	1202
117405	11gcz022	1		3245	3245	1173	1173
117505	12gcz021	1		3178	3178	1202	1202
117605	12gcz022	1		3245	3245	1173	1173
117705	13gcz021	1		3178	3178	1202	1202
117805	13gcz022	1		3245	3245	1173	1173
117905	14gcz021	1		3178	3178	1202	1202
118005	14gcz022	1		3245	3245	1173	1173
118105	15gcz021	1		3178	3178	1202	1202
118205	15gcz022	1		3245	3245	1173	1173
118305	16gcz021	1		3178	3178	1202	1202
118405	16gcz022	1		3245	3245	1173	1173
							
118501	01gcz027	1		2915	3096	1666	1842
118601	01gcz028	1		2915	3096	1666	1842
118701	02gcz027	1		2915	3096	1666	1842
118801	02gcz028	1		2915	3096	1666	1842
118901	03gcz027	1		2915	3096	1666	1842
119001	03gcz028	1		2915	3096	1666	1842
119101	04gcz027	1		2915	3096	1666	1842
119201	04gcz028	1		2915	3096	1666	1842
119301	05gcz027	1		2915	3096	1666	1842
119401	05gcz028	1		2915	3096	1666	1842
119501	06gcz027	1		2915	3096	1666	1842
119601	06gcz028	1		2915	3096	1666	1842
119701	07gcz027	1		2915	3096	1666	1842
119801	07gcz028	1		2915	3096	1666	1842
119901	08gcz027	1		2915	3096	1666	1842
120001	08gcz028	1		2915	3096	1666	1842
120101	09gcz027	1		2915	3096	1666	1842
120201	09gcz028	1		2915	3096	1666	1842
120301	10gcz027	1		2915	3096	1666	1842
120401	10gcz028	1		2915	3096	1666	1842
120501	11gcz027	1		2915	3096	1666	1842
120601	11gcz028	1		2915	3096	1666	1842
120701	12gcz027	1		2915	3096	1666	1842
120801	12gcz028	1		2915	3096	1666	1842
120901	13gcz027	1		2915	3096	1666	1842
121001	13gcz028	1		2915	3096	1666	1842
121101	14gcz027	1		2915	3096	1666	1842
121201	14gcz028	1		2915	3096	1666	1842
121301	15gcz027	1		2915	3096	1666	1842
121401	15gcz028	1		2915	3096	1666	1842
121501	16gcz027	1		2915	3096	1666	1842
121601	16gcz028	1		2915	3096	1666	1842
							
118502	01gcz027	1		2995	3141	1535	1668
118602	01gcz028	1		2995	3141	1535	1668
118702	02gcz027	1		2995	3141	1535	1668
118802	02gcz028	1		2995	3141	1535	1668
118902	03gcz027	1		2995	3141	1535	1668
119002	03gcz028	1		2995	3141	1535	1668
119102	04gcz027	1		2995	3141	1535	1668
119202	04gcz028	1		2995	3141	1535	1668
119302	05gcz027	1		2995	3141	1535	1668
119402	05gcz028	1		2995	3141	1535	1668
119502	06gcz027	1		2995	3141	1535	1668
119602	06gcz028	1		2995	3141	1535	1668
119702	07gcz027	1		2995	3141	1535	1668
119802	07gcz028	1		2995	3141	1535	1668
119902	08gcz027	1		2995	3141	1535	1668
120002	08gcz028	1		2995	3141	1535	1668
120102	09gcz027	1		2995	3141	1535	1668
120202	09gcz028	1		2995	3141	1535	1668
120302	10gcz027	1		2995	3141	1535	1668
120402	10gcz028	1		2995	3141	1535	1668
120502	11gcz027	1		2995	3141	1535	1668
120602	11gcz028	1		2995	3141	1535	1668
120702	12gcz027	1		2995	3141	1535	1668
120802	12gcz028	1		2995	3141	1535	1668
120902	13gcz027	1		2995	3141	1535	1668
121002	13gcz028	1		2995	3141	1535	1668
121102	14gcz027	1		2995	3141	1535	1668
121202	14gcz028	1		2995	3141	1535	1668
121302	15gcz027	1		2995	3141	1535	1668
121402	15gcz028	1		2995	3141	1535	1668
121502	16gcz027	1		2995	3141	1535	1668
121602	16gcz028	1		2995	3141	1535	1668
							
118503	01gcz027	1		3093	3338	1668	1775
118603	01gcz028	1		3093	3338	1668	1775
118703	02gcz027	1		3093	3338	1668	1775
118803	02gcz028	1		3093	3338	1668	1775
118903	03gcz027	1		3093	3338	1668	1775
119003	03gcz028	1		3093	3338	1668	1775
119103	04gcz027	1		3093	3338	1668	1775
119203	04gcz028	1		3093	3338	1668	1775
119303	05gcz027	1		3093	3338	1668	1775
119403	05gcz028	1		3093	3338	1668	1775
119503	06gcz027	1		3093	3338	1668	1775
119603	06gcz028	1		3093	3338	1668	1775
119703	07gcz027	1		3093	3338	1668	1775
119803	07gcz028	1		3093	3338	1668	1775
119903	08gcz027	1		3093	3338	1668	1775
120003	08gcz028	1		3093	3338	1668	1775
120103	09gcz027	1		3093	3338	1668	1775
120203	09gcz028	1		3093	3338	1668	1775
120303	10gcz027	1		3093	3338	1668	1775
120403	10gcz028	1		3093	3338	1668	1775
120503	11gcz027	1		3093	3338	1668	1775
120603	11gcz028	1		3093	3338	1668	1775
120703	12gcz027	1		3093	3338	1668	1775
120803	12gcz028	1		3093	3338	1668	1775
120903	13gcz027	1		3093	3338	1668	1775
121003	13gcz028	1		3093	3338	1668	1775
121103	14gcz027	1		3093	3338	1668	1775
121203	14gcz028	1		3093	3338	1668	1775
121303	15gcz027	1		3093	3338	1668	1775
121403	15gcz028	1		3093	3338	1668	1775
121503	16gcz027	1		3093	3338	1668	1775
121603	16gcz028	1		3093	3338	1668	1775
							
118504	01gcz027	1		3143	3340	1473	1667
118604	01gcz028	1		3143	3340	1473	1667
118704	02gcz027	1		3143	3340	1473	1667
118804	02gcz028	1		3143	3340	1473	1667
118904	03gcz027	1		3143	3340	1473	1667
119004	03gcz028	1		3143	3340	1473	1667
119104	04gcz027	1		3143	3340	1473	1667
119204	04gcz028	1		3143	3340	1473	1667
119304	05gcz027	1		3143	3340	1473	1667
119404	05gcz028	1		3143	3340	1473	1667
119504	06gcz027	1		3143	3340	1473	1667
119604	06gcz028	1		3143	3340	1473	1667
119704	07gcz027	1		3143	3340	1473	1667
119804	07gcz028	1		3143	3340	1473	1667
119904	08gcz027	1		3143	3340	1473	1667
120004	08gcz028	1		3143	3340	1473	1667
120104	09gcz027	1		3143	3340	1473	1667
120204	09gcz028	1		3143	3340	1473	1667
120304	10gcz027	1		3143	3340	1473	1667
120404	10gcz028	1		3143	3340	1473	1667
120504	11gcz027	1		3143	3340	1473	1667
120604	11gcz028	1		3143	3340	1473	1667
120704	12gcz027	1		3143	3340	1473	1667
120804	12gcz028	1		3143	3340	1473	1667
120904	13gcz027	1		3143	3340	1473	1667
121004	13gcz028	1		3143	3340	1473	1667
121104	14gcz027	1		3143	3340	1473	1667
121204	14gcz028	1		3143	3340	1473	1667
121304	15gcz027	1		3143	3340	1473	1667
121404	15gcz028	1		3143	3340	1473	1667
121504	16gcz027	1		3143	3340	1473	1667
121604	16gcz028	1		3143	3340	1473	1667
							
118505	01gcz027	1		3340	3482	1532	1701
118605	01gcz028	1		3340	3482	1532	1701
118705	02gcz027	1		3340	3482	1532	1701
118805	02gcz028	1		3340	3482	1532	1701
118905	03gcz027	1		3340	3482	1532	1701
119005	03gcz028	1		3340	3482	1532	1701
119105	04gcz027	1		3340	3482	1532	1701
119205	04gcz028	1		3340	3482	1532	1701
119305	05gcz027	1		3340	3482	1532	1701
119405	05gcz028	1		3340	3482	1532	1701
119505	06gcz027	1		3340	3482	1532	1701
119605	06gcz028	1		3340	3482	1532	1701
119705	07gcz027	1		3340	3482	1532	1701
119805	07gcz028	1		3340	3482	1532	1701
119905	08gcz027	1		3340	3482	1532	1701
120005	08gcz028	1		3340	3482	1532	1701
120105	09gcz027	1		3340	3482	1532	1701
120205	09gcz028	1		3340	3482	1532	1701
120305	10gcz027	1		3340	3482	1532	1701
120405	10gcz028	1		3340	3482	1532	1701
120505	11gcz027	1		3340	3482	1532	1701
120605	11gcz028	1		3340	3482	1532	1701
120705	12gcz027	1		3340	3482	1532	1701
120805	12gcz028	1		3340	3482	1532	1701
120905	13gcz027	1		3340	3482	1532	1701
121005	13gcz028	1		3340	3482	1532	1701
121105	14gcz027	1		3340	3482	1532	1701
121205	14gcz028	1		3340	3482	1532	1701
121305	15gcz027	1		3340	3482	1532	1701
121405	15gcz028	1		3340	3482	1532	1701
121505	16gcz027	1		3340	3482	1532	1701
121605	16gcz028	1		3340	3482	1532	1701
							
121701	01fbxbhm041	1		470	470	472	472
121801	01fbxbhm041	1		470	470	472	472
121901	01fbxbhm041	1		470	470	472	472
122001	01fbxbhm041	1		470	470	472	472
122101	01fbxbhm041	1		470	470	472	472
122201	01fbxbhm041	1		805	805	1700	1700
122301	01fbxbhm041	1		805	805	1700	1700
122401	01fbxbhm041	1		805	805	1700	1700
122501	01fbxbhm041	1		805	805	1700	1700
122601	01fbxbhm041	1		805	805	1700	1700
122701	01fbxbhm041	1		2288	2288	1767	1767
122801	01fbxbhm041	1		2288	2288	1767	1767
122901	01fbxbhm041	1		2288	2288	1767	1767
123001	01fbxbhm041	1		2288	2288	1767	1767
123101	01fbxbhm041	1		2288	2288	1767	1767
123201	01fbxbhm041	1		2626	2626	619	619
123301	01fbxbhm041	1		2626	2626	619	619
123401	01fbxbhm041	1		2626	2626	619	619
123501	01fbxbhm041	1		2626	2626	619	619
123601	01fbxbhm041	1		2626	2626	619	619
123701	01fbxbhm041	1		1506	1506	547	547
123801	01fbxbhm041	1		1506	1506	547	547
123901	01fbxbhm041	1		1506	1506	547	547
124001	01fbxbhm041	1		1506	1506	547	547
124101	01fbxbhm041	1		1506	1506	547	547
							
121702	01fbxbhm041	1		257	257	592	592
121802	01fbxbhm041	1		257	257	592	592
121902	01fbxbhm041	1		257	257	592	592
122002	01fbxbhm041	1		257	257	592	592
122102	01fbxbhm041	1		257	257	592	592
122202	01fbxbhm041	1		579	579	1819	1819
122302	01fbxbhm041	1		579	579	1819	1819
122402	01fbxbhm041	1		579	579	1819	1819
122502	01fbxbhm041	1		579	579	1819	1819
122602	01fbxbhm041	1		579	579	1819	1819
122702	01fbxbhm041	1		2045	2045	1874	1874
122802	01fbxbhm041	1		2045	2045	1874	1874
122902	01fbxbhm041	1		2045	2045	1874	1874
123002	01fbxbhm041	1		2045	2045	1874	1874
123102	01fbxbhm041	1		2045	2045	1874	1874
123202	01fbxbhm041	1		2380	2380	726	726
123302	01fbxbhm041	1		2380	2380	726	726
123402	01fbxbhm041	1		2380	2380	726	726
123502	01fbxbhm041	1		2380	2380	726	726
123602	01fbxbhm041	1		2380	2380	726	726
123702	01fbxbhm041	1		1272	1272	640	640
123802	01fbxbhm041	1		1272	1272	640	640
123902	01fbxbhm041	1		1272	1272	640	640
124002	01fbxbhm041	1		1272	1272	640	640
124102	01fbxbhm041	1		1272	1272	640	640
							
121703	01fbxbhm041	1		472	472	727	727
121803	01fbxbhm041	1		472	472	727	727
121903	01fbxbhm041	1		472	472	727	727
122003	01fbxbhm041	1		472	472	727	727
122103	01fbxbhm041	1		472	472	727	727
122203	01fbxbhm041	1		814	814	1943	1943
122303	01fbxbhm041	1		814	814	1943	1943
122403	01fbxbhm041	1		814	814	1943	1943
122503	01fbxbhm041	1		814	814	1943	1943
122603	01fbxbhm041	1		814	814	1943	1943
122703	01fbxbhm041	1		2297	2297	2010	2010
122803	01fbxbhm041	1		2297	2297	2010	2010
122903	01fbxbhm041	1		2297	2297	2010	2010
123003	01fbxbhm041	1		2297	2297	2010	2010
123103	01fbxbhm041	1		2297	2297	2010	2010
123203	01fbxbhm041	1		2626	2626	851	851
123303	01fbxbhm041	1		2626	2626	851	851
123403	01fbxbhm041	1		2626	2626	851	851
123503	01fbxbhm041	1		2626	2626	851	851
123603	01fbxbhm041	1		2626	2626	851	851
123703	01fbxbhm041	1		1508	1508	779	779
123803	01fbxbhm041	1		1508	1508	779	779
123903	01fbxbhm041	1		1508	1508	779	779
124003	01fbxbhm041	1		1508	1508	779	779
124103	01fbxbhm041	1		1508	1508	779	779
							
121704	01fbxbhm041	1		701	701	611	611
121804	01fbxbhm041	1		701	701	611	611
121904	01fbxbhm041	1		701	701	611	611
122004	01fbxbhm041	1		701	701	611	611
122104	01fbxbhm041	1		701	701	611	611
122204	01fbxbhm041	1		1048	1048	1826	1826
122304	01fbxbhm041	1		1048	1048	1826	1826
122404	01fbxbhm041	1		1048	1048	1826	1826
122504	01fbxbhm041	1		1048	1048	1826	1826
122604	01fbxbhm041	1		1048	1048	1826	1826
122704	01fbxbhm041	1		2520	2520	1884	1884
122804	01fbxbhm041	1		2520	2520	1884	1884
122904	01fbxbhm041	1		2520	2520	1884	1884
123004	01fbxbhm041	1		2520	2520	1884	1884
123104	01fbxbhm041	1		2520	2520	1884	1884
123204	01fbxbhm041	1		2847	2847	739	739
123304	01fbxbhm041	1		2847	2847	739	739
123404	01fbxbhm041	1		2847	2847	739	739
123504	01fbxbhm041	1		2847	2847	739	739
123604	01fbxbhm041	1		2847	2847	739	739
123704	01fbxbhm041	1		1727	1727	661	661
123804	01fbxbhm041	1		1727	1727	661	661
123904	01fbxbhm041	1		1727	1727	661	661
124004	01fbxbhm041	1		1727	1727	661	661
124104	01fbxbhm041	1		1727	1727	661	661