01n117	拍卖行管理员测试	3	70001	0	-1	5	1	1
01n117	拍卖行管理员测试	3	70002	0	-1	5	1	1
01n117	拍卖行管理员测试	3	70003	0	-1	5	1	1
01n117	拍卖行管理员测试	3	70004	0	-1	5	1	1
01n117	拍卖行管理员测试	3	70005	0	-1	5	1	1
01n117	拍卖行管理员测试	3	70012	0	-1	5	1	1
01n117	拍卖行管理员测试	3	70013	0	-1	5	1	1
01n117	拍卖行管理员测试	3	70014	0	-1	5	1	1
01n117	拍卖行管理员测试	3	70021	0	-1	5	1	1
01n117	拍卖行管理员测试	3	70022	0	-1	5	1	1
01n117	拍卖行管理员测试	3	70031	0	-1	5	1	1
01n117	拍卖行管理员测试	3	70032	0	-1	5	1	1
01n117	拍卖行管理员测试	3	70033	0	-1	5	1	1
01n117	拍卖行管理员测试	3	70041	0	-1	5	1	1
01n117	拍卖行管理员测试	3	70042	0	-1	5	1	1
01n117	拍卖行管理员测试	3	70043	0	-1	5	1	1
01n117	拍卖行管理员测试	3	70044	0	-1	5	1	1
01n117	拍卖行管理员测试	3	70045	0	-1	5	1	1
01n117	拍卖行管理员测试	3	70046	0	-1	5	1	1
01n117	拍卖行管理员测试	3	70047	0	-1	5	1	1
01n117	拍卖行管理员测试	3	70048	0	-1	5	1	1
01n117	拍卖行管理员测试	3	70051	0	-1	5	1	1
01n117	拍卖行管理员测试	3	70052	0	-1	5	1	1
01n117	拍卖行管理员测试	3	70053	0	-1	5	1	1
01n117	拍卖行管理员测试	3	70054	0	-1	5	1	1
01n117	拍卖行管理员测试	3	70055	0	-1	5	1	1
01n117	拍卖行管理员测试	3	70056	0	-1	5	1	1
01n117	拍卖行管理员测试	3	70057	0	-1	5	1	1
01n117	拍卖行管理员测试	3	70058	0	-1	5	1	1
01n117	拍卖行管理员测试	3	70061	0	-1	5	1	1
01n117	拍卖行管理员测试	3	70062	0	-1	5	1	1
01n117	拍卖行管理员测试	3	70063	0	-1	5	1	1
01n117	拍卖行管理员测试	3	70068	0	-1	5	1	1
01n117	拍卖行管理员测试	3	70071	0	-1	5	1	1
01n117	拍卖行管理员测试	3	70072	0	-1	5	1	1
01n117	拍卖行管理员测试	3	71001	0	-1	5	1	1
01n117	拍卖行管理员测试	3	71002	0	-1	5	1	1
01n117	拍卖行管理员测试	3	71003	0	-1	5	1	1
01n117	拍卖行管理员测试	3	71073	0	-1	5	1	1
01n117	拍卖行管理员测试	3	71004	0	-1	5	1	1
01n117	拍卖行管理员测试	3	71005	0	-1	5	1	1
01n117	拍卖行管理员测试	3	71006	0	-1	5	1	1
01n117	拍卖行管理员测试	3	71007	0	-1	5	1	1
01n117	拍卖行管理员测试	3	71008	0	-1	5	1	1
01n117	拍卖行管理员测试	3	71009	0	-1	5	1	1
01n117	拍卖行管理员测试	3	71010	0	-1	5	1	1
01n117	拍卖行管理员测试	3	71011	0	-1	5	1	1
01n117	拍卖行管理员测试	3	71012	0	-1	5	1	1
01n117	拍卖行管理员测试	3	71074	0	-1	5	1	1
01n117	拍卖行管理员测试	3	71075	0	-1	5	1	1
01n117	拍卖行管理员测试	3	71013	0	-1	5	1	1
01n117	拍卖行管理员测试	3	71014	0	-1	5	1	1
01n117	拍卖行管理员测试	3	71015	0	-1	5	1	1
01n117	拍卖行管理员测试	3	71016	0	-1	5	1	1
01n117	拍卖行管理员测试	3	71017	0	-1	5	1	1
01n117	拍卖行管理员测试	3	71018	0	-1	5	1	1
01n117	拍卖行管理员测试	3	71019	0	-1	5	1	1
01n117	拍卖行管理员测试	3	71020	0	-1	5	1	1
01n117	拍卖行管理员测试	3	71021	0	-1	5	1	1
01n117	拍卖行管理员测试	3	71022	0	-1	5	1	1
01n117	拍卖行管理员测试	3	71023	0	-1	5	1	1
01n117	拍卖行管理员测试	3	71024	0	-1	5	1	1
01n117	拍卖行管理员测试	3	71025	0	-1	5	1	1
01n117	拍卖行管理员测试	3	71026	0	-1	5	1	1
01n117	拍卖行管理员测试	3	71027	0	-1	5	1	1
01n117	拍卖行管理员测试	3	71028	0	-1	5	1	1
01n117	拍卖行管理员测试	3	71029	0	-1	5	1	1
01n117	拍卖行管理员测试	3	71030	0	-1	5	1	1
01n117	拍卖行管理员测试	3	71031	0	-1	5	1	1
01n117	拍卖行管理员测试	3	71032	0	-1	5	1	1
01n117	拍卖行管理员测试	3	71032	0	-1	5	1	1
01n117	拍卖行管理员测试	3	71033	0	-1	5	1	1
01n117	拍卖行管理员测试	3	71034	0	-1	5	1	1
01n117	拍卖行管理员测试	3	71035	0	-1	5	1	1
01n117	拍卖行管理员测试	3	71036	0	-1	5	1	1
01n117	拍卖行管理员测试	3	72001	0	-1	5	1	1
01n117	拍卖行管理员测试	3	72002	0	-1	5	1	1
01n117	拍卖行管理员测试	3	72003	0	-1	5	1	1
01n117	拍卖行管理员测试	3	72004	0	-1	5	1	1
01n117	拍卖行管理员测试	3	72005	0	-1	5	1	1
01n117	拍卖行管理员测试	3	72006	0	-1	5	1	1
01n117	拍卖行管理员测试	3	72007	0	-1	5	1	1
01n117	拍卖行管理员测试	3	72008	0	-1	5	1	1
01n117	拍卖行管理员测试	3	77777	0	-1	5	1	1
01n117	拍卖行管理员测试	3	77779	0	-1	5	1	1
01n117	拍卖行管理员测试	3	77780	0	-1	5	1	1
01n117	拍卖行管理员测试	3	77781	0	-1	5	1	1
01n117	拍卖行管理员测试	3	77782	0	-1	5	1	1
01n117	拍卖行管理员测试	3	77783	0	-1	5	1	1
01n117	拍卖行管理员测试	3	77784	0	-1	5	1	1
01n117	拍卖行管理员测试	3	77785	0	-1	5	1	1
01n117	拍卖行管理员测试	3	77786	0	-1	5	1	1
01n117	拍卖行管理员测试	3	77787	0	-1	5	1	1
01n117	拍卖行管理员测试	3	77788	0	-1	5	1	1
01n117	拍卖行管理员测试	3	77789	0	-1	5	1	1
01n117	拍卖行管理员测试	3	77790	0	-1	5	1	1
01n117	拍卖行管理员测试	3	77791	0	-1	5	1	1
01n117	拍卖行管理员测试	3	77792	0	-1	5	1	1
01n117	拍卖行管理员测试	3	77793	0	-1	5	1	1
01n117	拍卖行管理员测试	3	77794	0	-1	5	1	1
01n117	拍卖行管理员测试	3	77795	0	-1	5	1	1
01n117	拍卖行管理员测试	3	77796	0	-1	5	1	1
01n117	拍卖行管理员测试	3	77797	0	-1	5	1	1
01n117	拍卖行管理员测试	3	77798	0	-1	5	1	1
01n117	拍卖行管理员测试	3	77799	0	-1	5	1	1
01n117	拍卖行管理员测试	3	77801	0	-1	5	1	1
01n117	拍卖行管理员测试	3	77802	0	-1	5	1	1
01n117	拍卖行管理员测试	3	77803	0	-1	5	1	1
01n117	拍卖行管理员测试	3	22001	0	-1	5	1	1
01n117	拍卖行管理员测试	3	23001	0	-1	5	1	1
01n117	拍卖行管理员测试	3	24001	0	-1	5	1	1
01n117	拍卖行管理员测试	3	25001	0	-1	5	1	1
01n117	拍卖行管理员测试	3	26001	0	-1	5	1	1
01n117	拍卖行管理员测试	3	22002	0	-1	5	1	1
01n117	拍卖行管理员测试	3	23002	0	-1	5	1	1
01n117	拍卖行管理员测试	3	24002	0	-1	5	1	1
01n117	拍卖行管理员测试	3	25002	0	-1	5	1	1
01n117	拍卖行管理员测试	3	26002	0	-1	5	1	1
01n117	拍卖行管理员测试	3	23011	0	-1	5	1	1
01n117	拍卖行管理员测试	3	24011	0	-1	5	1	1
01n117	拍卖行管理员测试	3	25011	0	-1	5	1	1
01n117	拍卖行管理员测试	3	26011	0	-1	5	1	1
01n117	拍卖行管理员测试	3	23012	0	-1	5	1	1
01n117	拍卖行管理员测试	3	24012	0	-1	5	1	1
01n117	拍卖行管理员测试	3	25012	0	-1	5	1	1
01n117	拍卖行管理员测试	3	26012	0	-1	5	1	1
01n117	拍卖行管理员测试	3	22003	0	-1	5	1	1
01n117	拍卖行管理员测试	3	23003	0	-1	5	1	1
01n117	拍卖行管理员测试	3	24003	0	-1	5	1	1
01n117	拍卖行管理员测试	3	25003	0	-1	5	1	1
01n117	拍卖行管理员测试	3	26003	0	-1	5	1	1
01n117	拍卖行管理员测试	3	22004	0	-1	5	1	1
01n117	拍卖行管理员测试	3	23004	0	-1	5	1	1
01n117	拍卖行管理员测试	3	24004	0	-1	5	1	1
01n117	拍卖行管理员测试	3	25004	0	-1	5	1	1
01n117	拍卖行管理员测试	3	26004	0	-1	5	1	1
01n117	拍卖行管理员测试	3	20001	0	-1	5	1	1
01n117	拍卖行管理员测试	3	20002	0	-1	5	1	1
01n117	拍卖行管理员测试	3	20003	0	-1	5	1	1
01n117	拍卖行管理员测试	3	20004	0	-1	5	1	1
01n117	拍卖行管理员测试	3	10101	0	-1	5	1	1
01n117	拍卖行管理员测试	3	10201	0	-1	5	1	1
01n117	拍卖行管理员测试	3	10301	0	-1	5	1	1
01n117	拍卖行管理员测试	3	10401	0	-1	5	1	1
01n117	拍卖行管理员测试	3	10501	0	-1	5	1	1
01n117	拍卖行管理员测试	3	10601	0	-1	5	1	1
01n117	拍卖行管理员测试	3	10701	0	-1	5	1	1
01n117	拍卖行管理员测试	3	10801	0	-1	5	1	1
01n117	拍卖行管理员测试	3	10901	0	-1	5	1	1
01n117	拍卖行管理员测试	3	11001	0	-1	5	1	1
01n117	拍卖行管理员测试	3	11101	0	-1	5	1	1
01n117	拍卖行管理员测试	3	11201	0	-1	5	1	1
01n117	拍卖行管理员测试	3	10102	0	-1	5	1	1
01n117	拍卖行管理员测试	3	10202	0	-1	5	1	1
01n117	拍卖行管理员测试	3	10302	0	-1	5	1	1
01n117	拍卖行管理员测试	3	10402	0	-1	5	1	1
01n117	拍卖行管理员测试	3	10502	0	-1	5	1	1
01n117	拍卖行管理员测试	3	10602	0	-1	5	1	1
01n117	拍卖行管理员测试	3	10702	0	-1	5	1	1
01n117	拍卖行管理员测试	3	10802	0	-1	5	1	1
01n117	拍卖行管理员测试	3	10902	0	-1	5	1	1
01n117	拍卖行管理员测试	3	11002	0	-1	5	1	1
01n117	拍卖行管理员测试	3	11102	0	-1	5	1	1
01n117	拍卖行管理员测试	3	11202	0	-1	5	1	1
01n117	拍卖行管理员测试	3	10103	0	-1	5	1	1
01n117	拍卖行管理员测试	3	10203	0	-1	5	1	1
01n117	拍卖行管理员测试	3	10303	0	-1	5	1	1
01n117	拍卖行管理员测试	3	10403	0	-1	5	1	1
01n117	拍卖行管理员测试	3	10503	0	-1	5	1	1
01n117	拍卖行管理员测试	3	10603	0	-1	5	1	1
01n117	拍卖行管理员测试	3	10703	0	-1	5	1	1
01n117	拍卖行管理员测试	3	10803	0	-1	5	1	1
01n117	拍卖行管理员测试	3	10903	0	-1	5	1	1
01n117	拍卖行管理员测试	3	11003	0	-1	5	1	1
01n117	拍卖行管理员测试	3	11103	0	-1	5	1	1
01n117	拍卖行管理员测试	3	11203	0	-1	5	1	1
01n117	拍卖行管理员测试	3	10104	0	-1	5	1	1
01n117	拍卖行管理员测试	3	10204	0	-1	5	1	1
01n117	拍卖行管理员测试	3	10304	0	-1	5	1	1
01n117	拍卖行管理员测试	3	10404	0	-1	5	1	1
01n117	拍卖行管理员测试	3	10504	0	-1	5	1	1
01n117	拍卖行管理员测试	3	10604	0	-1	5	1	1
01n117	拍卖行管理员测试	3	10704	0	-1	5	1	1
01n117	拍卖行管理员测试	3	10804	0	-1	5	1	1
01n117	拍卖行管理员测试	3	10904	0	-1	5	1	1
01n117	拍卖行管理员测试	3	11004	0	-1	5	1	1
01n117	拍卖行管理员测试	3	11104	0	-1	5	1	1
01n117	拍卖行管理员测试	3	11204	0	-1	5	1	1
01n117	拍卖行管理员测试	3	10105	0	-1	5	1	1
01n117	拍卖行管理员测试	3	10205	0	-1	5	1	1
01n117	拍卖行管理员测试	3	10305	0	-1	5	1	1
01n117	拍卖行管理员测试	3	10405	0	-1	5	1	1
01n117	拍卖行管理员测试	3	10505	0	-1	5	1	1
01n117	拍卖行管理员测试	3	10605	0	-1	5	1	1
01n117	拍卖行管理员测试	3	10705	0	-1	5	1	1
01n117	拍卖行管理员测试	3	10805	0	-1	5	1	1
01n117	拍卖行管理员测试	3	10905	0	-1	5	1	1
01n117	拍卖行管理员测试	3	11005	0	-1	5	1	1
01n117	拍卖行管理员测试	3	11105	0	-1	5	1	1
01n117	拍卖行管理员测试	3	11205	0	-1	5	1	1
01n117	拍卖行管理员测试	3	20101	0	-1	5	1	1
01n117	拍卖行管理员测试	3	20201	0	-1	5	1	1
01n117	拍卖行管理员测试	3	20301	0	-1	5	1	1
01n117	拍卖行管理员测试	3	20401	0	-1	5	1	1
01n117	拍卖行管理员测试	3	20501	0	-1	5	1	1
01n117	拍卖行管理员测试	3	20601	0	-1	5	1	1
01n117	拍卖行管理员测试	3	20701	0	-1	5	1	1
01n117	拍卖行管理员测试	3	20801	0	-1	5	1	1
01n117	拍卖行管理员测试	3	20901	0	-1	5	1	1
01n117	拍卖行管理员测试	3	20102	0	-1	5	1	1
01n117	拍卖行管理员测试	3	20202	0	-1	5	1	1
01n117	拍卖行管理员测试	3	20302	0	-1	5	1	1
01n117	拍卖行管理员测试	3	20402	0	-1	5	1	1
01n117	拍卖行管理员测试	3	20502	0	-1	5	1	1
01n117	拍卖行管理员测试	3	20602	0	-1	5	1	1
01n117	拍卖行管理员测试	3	20702	0	-1	5	1	1
01n117	拍卖行管理员测试	3	20802	0	-1	5	1	1
01n117	拍卖行管理员测试	3	20902	0	-1	5	1	1
01n117	拍卖行管理员测试	3	20103	0	-1	5	1	1
01n117	拍卖行管理员测试	3	20203	0	-1	5	1	1
01n117	拍卖行管理员测试	3	20303	0	-1	5	1	1
01n117	拍卖行管理员测试	3	20403	0	-1	5	1	1
01n117	拍卖行管理员测试	3	20503	0	-1	5	1	1
01n117	拍卖行管理员测试	3	20603	0	-1	5	1	1
01n117	拍卖行管理员测试	3	20703	0	-1	5	1	1
01n117	拍卖行管理员测试	3	20803	0	-1	5	1	1
01n117	拍卖行管理员测试	3	20903	0	-1	5	1	1
01n117	拍卖行管理员测试	3	20104	0	-1	5	1	1
01n117	拍卖行管理员测试	3	20204	0	-1	5	1	1
01n117	拍卖行管理员测试	3	20304	0	-1	5	1	1
01n117	拍卖行管理员测试	3	20404	0	-1	5	1	1
01n117	拍卖行管理员测试	3	20504	0	-1	5	1	1
01n117	拍卖行管理员测试	3	20604	0	-1	5	1	1
01n117	拍卖行管理员测试	3	20704	0	-1	5	1	1
01n117	拍卖行管理员测试	3	20804	0	-1	5	1	1
01n117	拍卖行管理员测试	3	20904	0	-1	5	1	1
01n117	拍卖行管理员测试	3	20105	0	-1	5	1	1
01n117	拍卖行管理员测试	3	20205	0	-1	5	1	1
01n117	拍卖行管理员测试	3	20305	0	-1	5	1	1
01n117	拍卖行管理员测试	3	20405	0	-1	5	1	1
01n117	拍卖行管理员测试	3	20505	0	-1	5	1	1
01n117	拍卖行管理员测试	3	20605	0	-1	5	1	1
01n117	拍卖行管理员测试	3	20705	0	-1	5	1	1
01n117	拍卖行管理员测试	3	20805	0	-1	5	1	1
01n117	拍卖行管理员测试	3	20905	0	-1	5	1	1
01n117	拍卖行管理员测试	3	20106	0	-1	5	1	1
01n117	拍卖行管理员测试	3	20206	0	-1	5	1	1
01n117	拍卖行管理员测试	3	20306	0	-1	5	1	1
01n117	拍卖行管理员测试	3	20406	0	-1	5	1	1
01n117	拍卖行管理员测试	3	20506	0	-1	5	1	1
01n117	拍卖行管理员测试	3	20606	0	-1	5	1	1
01n117	拍卖行管理员测试	3	20706	0	-1	5	1	1
01n117	拍卖行管理员测试	3	20806	0	-1	5	1	1
01n117	拍卖行管理员测试	3	20906	0	-1	5	1	1
01n117	拍卖行管理员测试	3	20107	0	-1	5	1	1
01n117	拍卖行管理员测试	3	20207	0	-1	5	1	1
01n117	拍卖行管理员测试	3	20307	0	-1	5	1	1
01n117	拍卖行管理员测试	3	20407	0	-1	5	1	1
01n117	拍卖行管理员测试	3	20507	0	-1	5	1	1
01n117	拍卖行管理员测试	3	20607	0	-1	5	1	1
01n117	拍卖行管理员测试	3	20707	0	-1	5	1	1
01n117	拍卖行管理员测试	3	20807	0	-1	5	1	1
01n117	拍卖行管理员测试	3	20907	0	-1	5	1	1
01n117	拍卖行管理员测试	3	20108	0	-1	5	1	1
01n117	拍卖行管理员测试	3	20208	0	-1	5	1	1
01n117	拍卖行管理员测试	3	20308	0	-1	5	1	1
01n117	拍卖行管理员测试	3	20408	0	-1	5	1	1
01n117	拍卖行管理员测试	3	20508	0	-1	5	1	1
01n117	拍卖行管理员测试	3	20608	0	-1	5	1	1
01n117	拍卖行管理员测试	3	20708	0	-1	5	1	1
01n117	拍卖行管理员测试	3	20808	0	-1	5	1	1
01n117	拍卖行管理员测试	3	20908	0	-1	5	1	1
01n117	拍卖行管理员测试	3	20109	0	-1	5	1	1
01n117	拍卖行管理员测试	3	20209	0	-1	5	1	1
01n117	拍卖行管理员测试	3	20309	0	-1	5	1	1
01n117	拍卖行管理员测试	3	20409	0	-1	5	1	1
01n117	拍卖行管理员测试	3	20509	0	-1	5	1	1
01n117	拍卖行管理员测试	3	20609	0	-1	5	1	1
01n117	拍卖行管理员测试	3	20709	0	-1	5	1	1
01n117	拍卖行管理员测试	3	20809	0	-1	5	1	1
01n117	拍卖行管理员测试	3	20909	0	-1	5	1	1
01n117	拍卖行管理员测试	3	6300300	0	-1	5	1	1
01n117	拍卖行管理员测试	3	6300301	0	-1	5	1	1
01n117	拍卖行管理员测试	3	6300302	0	-1	5	1	1
01n117	拍卖行管理员测试	3	6300303	0	-1	5	1	1
01n117	拍卖行管理员测试	3	6300304	0	-1	5	1	1
01n117	拍卖行管理员测试	3	6300305	0	-1	5	1	1
01n117	拍卖行管理员测试	3	6300306	0	-1	5	1	1
01n117	拍卖行管理员测试	3	6300307	0	-1	5	1	1
01n117	拍卖行管理员测试	3	6300308	0	-1	5	1	1
01n117	拍卖行管理员测试	3	6300309	0	-1	5	1	1
01n117	拍卖行管理员测试	3	6300400	0	-1	5	1	1
01n117	拍卖行管理员测试	3	6300401	0	-1	5	1	1
01n117	拍卖行管理员测试	3	6300402	0	-1	5	1	1
01n117	拍卖行管理员测试	3	6300403	0	-1	5	1	1
01n117	拍卖行管理员测试	3	6300404	0	-1	5	1	1
01n117	拍卖行管理员测试	3	6300405	0	-1	5	1	1
01n117	拍卖行管理员测试	3	6300406	0	-1	5	1	1
01n117	拍卖行管理员测试	3	6300407	0	-1	5	1	1
01n117	拍卖行管理员测试	3	6300408	0	-1	5	1	1
01n117	拍卖行管理员测试	3	6300409	0	-1	5	1	1
01n117	拍卖行管理员测试	3	6300500	0	-1	5	1	1
01n117	拍卖行管理员测试	3	6300501	0	-1	5	1	1
01n117	拍卖行管理员测试	3	6300502	0	-1	5	1	1
01n117	拍卖行管理员测试	3	6300503	0	-1	5	1	1
01n117	拍卖行管理员测试	3	6300504	0	-1	5	1	1
01n117	拍卖行管理员测试	3	6300505	0	-1	5	1	1
01n117	拍卖行管理员测试	3	6300506	0	-1	5	1	1
01n117	拍卖行管理员测试	3	6300507	0	-1	5	1	1
01n117	拍卖行管理员测试	3	6300508	0	-1	5	1	1
01n117	拍卖行管理员测试	3	6300509	0	-1	5	1	1
01n117	拍卖行管理员测试	3	6301300	0	-1	5	1	1
01n117	拍卖行管理员测试	3	6301301	0	-1	5	1	1
01n117	拍卖行管理员测试	3	6301302	0	-1	5	1	1
01n117	拍卖行管理员测试	3	6301303	0	-1	5	1	1
01n117	拍卖行管理员测试	3	6301304	0	-1	5	1	1
01n117	拍卖行管理员测试	3	6301305	0	-1	5	1	1
01n117	拍卖行管理员测试	3	6301306	0	-1	5	1	1
01n117	拍卖行管理员测试	3	6301307	0	-1	5	1	1
01n117	拍卖行管理员测试	3	6301308	0	-1	5	1	1
01n117	拍卖行管理员测试	3	6301309	0	-1	5	1	1
01n117	拍卖行管理员测试	3	6301400	0	-1	5	1	1
01n117	拍卖行管理员测试	3	6301401	0	-1	5	1	1
01n117	拍卖行管理员测试	3	6301402	0	-1	5	1	1
01n117	拍卖行管理员测试	3	6301403	0	-1	5	1	1
01n117	拍卖行管理员测试	3	6301404	0	-1	5	1	1
01n117	拍卖行管理员测试	3	6301405	0	-1	5	1	1
01n117	拍卖行管理员测试	3	6301406	0	-1	5	1	1
01n117	拍卖行管理员测试	3	6301407	0	-1	5	1	1
01n117	拍卖行管理员测试	3	6301408	0	-1	5	1	1
01n117	拍卖行管理员测试	3	6301409	0	-1	5	1	1
01n117	拍卖行管理员测试	3	6301500	0	-1	5	1	1
01n117	拍卖行管理员测试	3	6301501	0	-1	5	1	1
01n117	拍卖行管理员测试	3	6301502	0	-1	5	1	1
01n117	拍卖行管理员测试	3	6301503	0	-1	5	1	1
01n117	拍卖行管理员测试	3	6301504	0	-1	5	1	1
01n117	拍卖行管理员测试	3	6301505	0	-1	5	1	1
01n117	拍卖行管理员测试	3	6301506	0	-1	5	1	1
01n117	拍卖行管理员测试	3	6301507	0	-1	5	1	1
01n117	拍卖行管理员测试	3	6301508	0	-1	5	1	1
01n117	拍卖行管理员测试	3	6301509	0	-1	5	1	1
01n117	拍卖行管理员测试	3	6302300	0	-1	5	1	1
01n117	拍卖行管理员测试	3	6302301	0	-1	5	1	1
01n117	拍卖行管理员测试	3	6302302	0	-1	5	1	1
01n117	拍卖行管理员测试	3	6302303	0	-1	5	1	1
01n117	拍卖行管理员测试	3	6302304	0	-1	5	1	1
01n117	拍卖行管理员测试	3	6302305	0	-1	5	1	1
01n117	拍卖行管理员测试	3	6302306	0	-1	5	1	1
01n117	拍卖行管理员测试	3	6302307	0	-1	5	1	1
01n117	拍卖行管理员测试	3	6302308	0	-1	5	1	1
01n117	拍卖行管理员测试	3	6302309	0	-1	5	1	1
01n117	拍卖行管理员测试	3	6302400	0	-1	5	1	1
01n117	拍卖行管理员测试	3	6302401	0	-1	5	1	1
01n117	拍卖行管理员测试	3	6302402	0	-1	5	1	1
01n117	拍卖行管理员测试	3	6302403	0	-1	5	1	1
01n117	拍卖行管理员测试	3	6302404	0	-1	5	1	1
01n117	拍卖行管理员测试	3	6302405	0	-1	5	1	1
01n117	拍卖行管理员测试	3	6302406	0	-1	5	1	1
01n117	拍卖行管理员测试	3	6302407	0	-1	5	1	1
01n117	拍卖行管理员测试	3	6302408	0	-1	5	1	1
01n117	拍卖行管理员测试	3	6302409	0	-1	5	1	1
01n117	拍卖行管理员测试	3	6302500	0	-1	5	1	1
01n117	拍卖行管理员测试	3	6302501	0	-1	5	1	1
01n117	拍卖行管理员测试	3	6302502	0	-1	5	1	1
01n117	拍卖行管理员测试	3	6302503	0	-1	5	1	1
01n117	拍卖行管理员测试	3	6302504	0	-1	5	1	1
01n117	拍卖行管理员测试	3	6302505	0	-1	5	1	1
01n117	拍卖行管理员测试	3	6302506	0	-1	5	1	1
01n117	拍卖行管理员测试	3	6302507	0	-1	5	1	1
01n117	拍卖行管理员测试	3	6302508	0	-1	5	1	1
01n117	拍卖行管理员测试	3	6302509	0	-1	5	1	1
01n117	拍卖行管理员测试	3	6000402	0	-1	5	1	1
01n117	拍卖行管理员测试	3	6000407	0	-1	5	1	1
01n117	拍卖行管理员测试	3	200001	0	-1	5	1	1
01n117	拍卖行管理员测试	3	200002	0	-1	5	1	1
01n117	拍卖行管理员测试	3	200003	0	-1	5	1	1
01n117	拍卖行管理员测试	3	200004	0	-1	5	1	1
01n117	拍卖行管理员测试	3	200005	0	-1	5	1	1
01n117	拍卖行管理员测试	3	200006	0	-1	5	1	1
01n117	拍卖行管理员测试	3	200007	0	-1	5	1	1
01n117	拍卖行管理员测试	3	200008	0	-1	5	1	1
01n117	拍卖行管理员测试	3	200009	0	-1	5	1	1
01n117	拍卖行管理员测试	3	200010	0	-1	5	1	1
01n117	拍卖行管理员测试	3	200011	0	-1	5	1	1
01n117	拍卖行管理员测试	3	200012	0	-1	5	1	1
01n117	拍卖行管理员测试	3	200013	0	-1	5	1	1
01n117	拍卖行管理员测试	3	200014	0	-1	5	1	1
01n117	拍卖行管理员测试	3	200015	0	-1	5	1	1
01n117	拍卖行管理员测试	3	200016	0	-1	5	1	1
01n117	拍卖行管理员测试	3	200017	0	-1	5	1	1
01n117	拍卖行管理员测试	3	200018	0	-1	5	1	1
01n117	拍卖行管理员测试	3	200019	0	-1	5	1	1
01n117	拍卖行管理员测试	3	200020	0	-1	5	1	1
01n117	拍卖行管理员测试	3	200021	0	-1	5	1	1
01n117	拍卖行管理员测试	3	200022	0	-1	5	1	1
01n117	拍卖行管理员测试	3	200023	0	-1	5	1	1
01n117	拍卖行管理员测试	3	200024	0	-1	5	1	1
01n117	拍卖行管理员测试	3	200025	0	-1	5	1	1
01n117	拍卖行管理员测试	3	200026	0	-1	5	1	1
01n117	拍卖行管理员测试	3	200027	0	-1	5	1	1
01n117	拍卖行管理员测试	3	200028	0	-1	5	1	1
01n117	拍卖行管理员测试	3	200029	0	-1	5	1	1
01n117	拍卖行管理员测试	3	200030	0	-1	5	1	1
01n117	拍卖行管理员测试	3	200031	0	-1	5	1	1
01n117	拍卖行管理员测试	3	200032	0	-1	5	1	1
01n117	拍卖行管理员测试	3	200033	0	-1	5	1	1
01n117	拍卖行管理员测试	3	200034	0	-1	5	1	1
01n117	拍卖行管理员测试	3	200035	0	-1	5	1	1
01n117	拍卖行管理员测试	3	6010410	0	-1	5	1	1
01n117	拍卖行管理员测试	3	6020410	0	-1	5	1	1
01n117	拍卖行管理员测试	3	6030410	0	-1	5	1	1
01n117	拍卖行管理员测试	3	6040410	0	-1	5	1	1
01n117	拍卖行管理员测试	3	6050410	0	-1	5	1	1
01n117	拍卖行管理员测试	3	6060410	0	-1	5	1	1
01n117	拍卖行管理员测试	3	6070410	0	-1	5	1	1
01n117	拍卖行管理员测试	3	6080410	0	-1	5	1	1
01n117	拍卖行管理员测试	3	6090410	0	-1	5	1	1
01n117	拍卖行管理员测试	3	6100510	0	-1	5	1	1
01n117	拍卖行管理员测试	3	6011410	0	-1	5	1	1
01n117	拍卖行管理员测试	3	6021410	0	-1	5	1	1
01n117	拍卖行管理员测试	3	6031410	0	-1	5	1	1
01n117	拍卖行管理员测试	3	6041410	0	-1	5	1	1
01n117	拍卖行管理员测试	3	6051410	0	-1	5	1	1
01n117	拍卖行管理员测试	3	6061410	0	-1	5	1	1
01n117	拍卖行管理员测试	3	6071410	0	-1	5	1	1
01n117	拍卖行管理员测试	3	6081410	0	-1	5	1	1
01n117	拍卖行管理员测试	3	6091410	0	-1	5	1	1
01n117	拍卖行管理员测试	3	6101510	0	-1	5	1	1
01n117	拍卖行管理员测试	3	6012410	0	-1	5	1	1
01n117	拍卖行管理员测试	3	6022410	0	-1	5	1	1
01n117	拍卖行管理员测试	3	6032410	0	-1	5	1	1
01n117	拍卖行管理员测试	3	6042410	0	-1	5	1	1
01n117	拍卖行管理员测试	3	6052410	0	-1	5	1	1
01n117	拍卖行管理员测试	3	6062410	0	-1	5	1	1
01n117	拍卖行管理员测试	3	6072410	0	-1	5	1	1
01n117	拍卖行管理员测试	3	6082410	0	-1	5	1	1
01n117	拍卖行管理员测试	3	6092410	0	-1	5	1	1
01n117	拍卖行管理员测试	3	6102510	0	-1	5	1	1