setId	quest1	quest2	quest3	quest4	quest5	quest6	quest7	quest8	quest9	quest10	quest11	quest12	quest13	quest14	quest15	quest16	quest17	quest18	quest19	quest20	quest21	quest22	quest23	quest24	quest25
集合ID	任务1	任务2	任务3	任务4	任务5	任务6	任务7	任务8	任务9	任务10	任务11	任务12	任务13	任务14	任务15	任务16	任务17	任务18	任务19	任务20	任务21	任务22	任务23	任务24	任务25
2501	6001	6002	6003	6004	6005																				
2502	6001	6002	6003	6004	6005																				
2503	5022	5023	5024	5025	5026	5027	5028																		
2504	6021	6022	6023	6038	6039	6040																			
2505	5001	5002	5003	5004	5005	5006	5007	5008	5009	5010	5011	5012	5013	5014	5015	5016	5017	5018	5019	5020	5021				
2506	5501																								
3001	6089	6090	6091	6092	6093	6094	6095	6096	6097	6098															
3002	6099	6100	6101	6102	6103	6104	6105	6106	6107	6108															
3003	6109	6110	6111	6112	6113	6114	6115	6116	6117	6118															
3004	6119	6120	6121	6122	6123	6124	6125	6126	6127	6128															
3005	5001	5002	5003	5004	5005	5006	5007	5008	5009	5010	5011	5012	5013	5014	5015	5016	5017	5018	5019	5020	5021				
3006	5036	5037	5038	5039	5040	5041	5042	5503	5035																
3501	6129	6130	6131	6132	6133	6134	6135	6136	6137	6138	6139	6140													
3502	6141	6142	6143	6144	6145	6146	6147	6148	6149	6150	6151	6152													
3503	6153	6154	6155	6156	6157	6158	6159	6160	6161	6162	6163	6164													
3504	6165	6166	6167	6168	6169	6170	6171	6172	6173	6174	6175	6176													
3505	5001	5002	5003	5004	5005	5006	5007	5008	5009	5010	5011	5012	5013	5014	5015	5016	5017	5018	5019	5020	5021				
3506	5043	5044	5045	5046	5047	5048	5049	5050	5051	5052	5053	5054	5055	5056	5504	5505									
4001	6177	6178	6179	6180	6181	6182	6183	6184	6185	6186	6187	6188	6189	6190											
4002	6191	6192	6193	6194	6195	6196	6197	6198	6199	6200	6201	6202	6203	6204											
4003	6205	6206	6207	6208	6209	6210	6211	6212	6213	6214	6215	6216	6217	6218											
4004	6219	6220	6221	6222	6223	6224	6225	6226	6227	6228	6229	6230	6231	6232											
4005	5001	5002	5003	5004	5005	5006	5007	5008	5009	5010	5011	5012	5013	5014	5015	5016	5017	5018	5019	5020	5021				
4006	5057	5058	5059	5060	5061	5062	5063	5506																	
4501	6233	6234	6235	6236	6237	6238	6239	6240	6241																
4502	6242	6243	6244	6245	6246	6247	6248	6249	6250																
4503	6251	6252	6253	6254	6255	6256	6257	6258	6259																
4504	6260	6261	6262	6263	6264	6265	6266	6267	6268																
4505	5001	5002	5003	5004	5005	5006	5007	5008	5009	5010	5011	5012	5013	5014	5015	5016	5017	5018	5019	5020	5021				
4506	5064	5065	5066	5067	5068	5069	5070	5071	5072	5073	5507														
5001	6269	6270	6271	6272	6273																				
5002	6274	6275	6276	6277	6278																				
5003	6279	6280	6281	6282	6283																				
5004	6284	6285	6286	6287	6288																				
5005	5001	5002	5003	5004	5005	5006	5007	5008	5009	5010	5011	5012	5013	5014	5015	5016	5017	5018	5019	5020	5021				
5006	5074	5075	5076	5077	5078	5079	5508																		
5501	6289	6290	6291	6292	6293																				
5502	6294	6295	6296	6297	6298																				
5503	6299	6300	6301	6302	6303																				
5504	6304	6305	6306	6307	6308																				
5505	5001	5002	5003	5004	5005	5006	5007	5008	5009	5010	5011	5012	5013	5014	5015	5016	5017	5018	5019	5020	5021				
5506	5080	5081	5082	5083	5084	5085	5086	5087	5088	5089	5090	5091													
6001	6309	6310	6311	6312	6313																				
6002	6314	6315	6316	6317	6318																				
6003	6319	6320	6321	6322	6323																				
6004	6324	6325	6326	6327	6328																				
6005	5001	5002	5003	5004	5005	5006	5007	5008	5009	5010	5011	5012	5013	5014	5015	5016	5017	5018	5019	5020	5021				
6006	5092	5093	5094	5095	5096	5097	5510																		
6501	6329	6309	6310	6311	6312	6313																			
6502	6330	6314	6315	6316	6317	6318																			
6503	6331	6319	6320	6321	6322	6323																			
6504	6332	6324	6325	6326	6327	6328																			
6505	5001	5002	5003	5004	5005	5006	5007	5008	5009	5010	5011	5012	5013	5014	5015	5016	5017	5018	5019	5020	5021				
6506	5092	5093	5094	5095	5096	5097	5510																		
7001	6333	6334	6335	6336	6337																				
7002	6338	6339	6340	6341	6342																				
7003	6343	6344	6345	6346	6347																				
7004	6348	6349	6350	6351	6352																				
7005	5001	5002	5003	5004	5005	5006	5007	5008	5009	5010	5011	5012	5013	5014	5015	5016	5017	5018	5019	5020	5021				
7006	5098	5099	5100	5511																					
7501	6353	6354	6355	6356	6357																				
7502	6358	6359	6360	6361	6362																				
7503	6363	6364	6365	6366	6367																				
7504	6368	6369	6370	6371	6372																				
7505	5001	5002	5003	5004	5005	5006	5007	5008	5009	5010	5011	5012	5013	5014	5015	5016	5017	5018	5019	5020	5021				
7506	5098	5099	5100	5511																					
8001	6373	6374	6353	6354	6355	6356	6357																		
8002	6375	6376	6358	6359	6360	6361	6362																		
8003	6377	6378	6363	6364	6365	6366	6367																		
8004	6379	6380	6368	6369	6370	6371	6372																		
8005	5001	5002	5003	5004	5005	5006	5007	5008	5009	5010	5011	5012	5013	5014	5015	5016	5017	5018	5019	5020	5021				
8006	5098	5099	5100	5511																					
																									
																									
																									
																									
																									
																									
																									
																									
																									
																									
																									
																									
																									
																									
																									
																									
																									
																									
																									
																									
																									
																									
																									