questId	activeId
任务ID	活动ID
10001	13
10002	13
10003	13
10007	13
10008	13
10009	13
10010	13
10011	13
10012	13
10013	13
10014	13
10015	13
10016	13
10017	13
10018	13
10019	13
10020	13
10021	13
10022	13
10023	13
10024	13
10025	13
10026	13
10027	13
10028	13
10029	13
10030	13
10031	13
10032	13
10033	13
10034	13
10035	13
10036	13
10037	13
10038	13
10039	13
10040	13
10041	13
10042	13
10043	13
10044	13
10045	13
10046	13
10047	13
10048	13
10049	13
10050	13
10051	13
10052	13
10053	13
10054	13
10055	13
10056	13
10057	13
10058	13
10059	13
10060	13
10061	13
10062	13
10063	13
10064	13
10065	13
10066	13
10067	13
10068	13
10069	13
10070	13
10071	13
10072	13
10073	13
10074	13
10075	13
10076	13
10077	13
10078	13
10079	13
10080	13
10081	13
10082	13
10083	13
10084	13
10085	13
10086	13
10087	13
10088	13
10089	13
10090	13
10091	13
10092	13
10093	13
10094	13
10095	13
10096	13
10103	6
10104	6
10105	6
10106	6
10107	6
10108	6
10109	6
10110	6
10111	6
10112	6
10113	6
10114	6
10115	6
10116	6
10117	6
10118	6
10119	6
10120	6
10121	6
10122	6
10123	6
10124	6
10125	6
10126	6
10127	6
10128	6
10129	6
10130	6
10131	6
10132	6
10136	6
10137	6
10138	6
10139	6
10140	6
10141	6
10142	6
10143	6
10144	6
10145	6
10146	6
10147	6
10148	6
10149	6
10150	6
10151	6
10152	6
10153	6
10154	6
10155	6
10156	6
10157	6
10158	6
10159	6
10160	6
10161	6
10162	6
10163	6
10164	6
10165	6
10169	6
10170	6
10171	6
10172	6
10173	6
10174	6
10175	6
10176	6
10177	6
10178	6
10179	6
10180	6
10181	6
10182	6
10183	6
10184	6
10185	6
10186	6
10187	6
10188	6
10189	6
10190	6
10191	6
10192	6
10193	6
10194	6
10195	6
10196	6
10197	6
10198	6
10199	6
10200	6
10201	6
10202	6
10203	6
10204	6
10205	6
10206	6
10207	6
10208	6
10209	6
10210	6
10211	6
10212	6
10213	6
10214	6
10215	6
10216	6
10217	6
10218	6
10219	6
10220	6
10221	6
10222	6
10223	6
10224	6
10225	6
10226	6
10227	6
10228	6
2749	6
2750	6
11016	6
11017	6
11018	6
11019	6
11020	6
11021	6
11022	6
11023	22
11024	22
11025	22
11026	22
11027	22
11028	22
11029	22
11030	22
11031	22
11032	22
11033	22
11034	22
11035	22
11036	22
11037	22
11038	22
11039	22
11040	22
11041	22
11042	22
11043	22
11044	22
11045	22
	
10341	13
10342	13
10343	13
10344	13
10345	13
10346	13
10347	13
10348	13
10349	13
10350	13
10351	13
10352	13
10353	13
10354	13
10355	13
10356	13
10357	13
10358	13
10359	13
10360	13
10361	13
10362	13
10363	13
10364	13
10365	13
10366	13
10367	13
10368	13
10369	13
10370	13
10371	13
10372	13
10373	13
10374	13
10375	13
10376	13
10377	13
10378	13
10379	13
10380	13
10381	13
10382	13
10383	13
10384	13
10385	13
10386	13
10387	13
10388	13
10389	13
10390	13
10391	13
10392	13
10393	13
10394	13
10395	13
10396	13
10397	13
10398	13
10399	13
10400	13
10401	13
10402	13
10403	13
10404	13
10405	13
10406	13
10407	13
10408	13
10409	13
10410	13
10411	13
10412	13
10413	13
10414	13
10415	13
10416	13
10417	13
10418	13
10419	13
10420	13
10301	13
10302	13
10303	13
10304	13
10305	13
10306	13
10307	13
10308	13
10309	13
10310	13
10311	13
10312	13
10313	13
10314	13
10315	13
10316	13
10317	13
10318	13
10319	13
10320	13
10321	13
10322	13
10323	13
10324	13
10325	13
10326	13
10327	13
10328	13
10329	13
10330	13
10331	13
10332	13
10333	13
10334	13
10335	13
10336	13
10337	13
10338	13
10339	13
10340	13
2746	4
11052	25
11053	25
11054	25
11055	25
11056	25
11057	25
11058	25
11059	25
11060	25
11061	25
11062	25
11063	25
11064	25
11065	25
11066	25
11067	25
11068	25
11069	25
11070	25
11071	25
11072	25
11073	25
11074	25
11075	25
11076	25
11077	25
11078	25
11079	25
11080	25
11081	25
11082	25
11083	25
11084	25
11085	25
11086	25
11087	25
11088	25
11089	25
11090	25
11091	25
11092	25
11093	25
11094	25
11095	25
11096	25
11097	25
11098	25
11099	25
11100	25
11101	25
11102	25
11103	25
11104	25
11105	25
11106	25
11107	25
11108	25
11109	25
11110	25
11111	25
11112	25
11113	25
11114	25
11115	25
11116	25
11117	25
11118	25
11119	25
11120	25
11121	25
11122	25
11123	25
11124	25
11125	25
11126	25
11127	25
11128	25
11129	25
11130	25
11131	25
11132	25
11133	25
11134	25
11135	25
11136	25
11137	25
11138	25
11139	25
11140	25
11141	25
11142	25
11143	25
11144	25
11145	25
11146	25
11147	25
11148	25
11149	25
11150	25
11151	25
11152	25
11153	25
11154	25
11155	25
11156	25
11157	25
11158	25
11159	25
11160	25
11161	25
11162	25
11163	25
11164	25
11165	25
11166	25
11167	25
11168	25
11169	25
11170	25
11171	25
11172	25
11173	25
11174	25
11175	25
11176	25
11177	25
11178	25
11179	25
11180	25
11181	25
11182	25
11183	25
11184	25
11185	25
11186	25
11187	25
11188	25
11189	25
11190	25
11191	25
11192	25
11193	25
11194	25
11195	25
11196	25
11197	25
11198	25
11199	25
11200	25
11201	25
11202	25
11203	25
11204	25
11205	25
11206	25
11207	25
11208	25
11209	25
11210	25
11211	25