id	zp	gold	silver	exp	honor	factionIntegral	factionContribute	mustGoods1	mustNo1	mustBind1	mustGoods2	mustNo2	mustBind2	mustGoods3	mustNo3	mustBind3	mustGoods4	mustNo4	mustBind4	mustGoods5	mustNo5	mustBind5	mustGoods6	mustNo6	mustBind6
任务ID	真气	绑金奖励	白银奖励	经验奖励	荣誉	公会积分	成员贡献度	固定奖励物品1	固定奖励1数量	固定奖励1\n绑定类型	固定奖励物品2	固定奖励2数量	固定奖励2\n绑定类型	固定奖励物品3	固定奖励3数量	固定奖励3\n绑定类型	固定奖励物品4	固定奖励4数量	固定奖励4\n绑定类型	固定奖励物品5	固定奖励5数量	固定奖励5\n绑定类型	固定奖励物品6	固定奖励6数量	固定奖励6\n绑定类型
303	500000		500000	600				5000001	1	1	9137	1	1	9143	1	1									
305	500000		500000	0																					
306	500000		500000	2000																					
307	500000		500000	4300					1	1		1	1		1	1									
308	500000		500000	5800																					
309	500000		500000	1400																					
310	500000		500000	9000				20044	1	1	20044	1	1	20044	1	1									
311	500000		500000	2200																					
312	500000		500000	8200																					
313	500000		500000	8200				6100306	1	1	6101306	1	1	6102306	1	1									
314	500000		500000	7500																					
315	500000		500000	1900																					
316	500000		500000	5600																					
317	500000		500000	7500																					
318	500000		500000	15000				200008	1	1															
319	500000		500000	15000																					
320	500000		500000	30800																					
321	500000		500000	7700																					
325	100		50	11600																					
326	100		50	11600																					
327	100		50	11600				6100303	1	1	6101303	1	1	6102303	1	1									
328	100		50	11600																					
329	100		50	11600																					
330	100		50	11600																					
331	100		50	11600																					
332	100		50	11600																					
333	100		50	12200																					
334	100		50	12200																					
335	100		50	12200																					
336	100		50	12200																					
337	100		50	12200																					
338	100		50	12200				6101305	1	1	6100305	1	1	6102305	1	1									
339	100		50	12200																					
340	100		50	12200																					
341	100		50	12200																					
342	100		50	12200																					
343	100		50	12800																					
344	100		50	12800																					
345	100		50	12800																					
346	100		50	12800				6100304	1	1	6101304	1	1	6102304	1	1									
347	100		50	12800																					
348	100		50	12800																					
349	100		50	12800																					
350	100		50	12800																					
351	100		50	12800																					
352	50		50	2300																					
353	50		50	2300																					
354	50		50	2300																					
355	50		50	3800																					
356	50		50	3800																					
357	50		50	3800				6010307	1	1	6011307	1	1	6012307	1	1									
358	50		50	4400																					
359	50		50	4400				6010302	1	1	6011302	1	1	6012302	1	1									
360	50		50	4400																					
361	50		50	5600																					
362	50		50	5600																					
363	50		50	5600																					
364	50		50	6200																					
365	50		50	6200																					
366	50		50	6200																					
367	100		50	6800																					
368	100		50	6800																					
369	100		50	7400																					
370	100		50	8000				6100306	1	1	6101306	1	1	6102306	1	1									
371	100		50	8600																					
372	100		50	9200																					
373	100		50	9200																					
374	100		50	9800				6100300	1	1	6101300	1	1	6102300	1	1									
375	100		50	9800																					
521	100		50	9800																					
522	100		50	10400																					
523	100		50	10400				200008	1	1															
525	100		50	11000																					
526	100		50	11000																					
527	100		50	11600																					
528	100		50	11600																					
529	100		50	11600				6100303	1	1	6101303	1	1	6102303	1	1									
530	100		50	11600																					
531	100		50	11600																					
532	100		50	12200																					
533	100		50	12200				6101305	1	1	6100305	1	1	6102305	1	1									
534	100		50	12200																					
535	100		50	12200																					
536	100		50	12200																					
537	100		50	12800																					
538	100		50	12800				6100304	1	1	6101304	1	1	6102304	1	1									
539	100		50	12800																					
540	100		50	12800																					
541	100		50	12800																					
542	100		50	12800																					
1002	50		50	400				9131	1	1	9137	1	1	9143	1	1									
1003	50		50	2300				6010307	1	1	6011307	1	1	6012307	1	1									
1004	50		50	3200																					
1005	50		50	3800				6010302	1	1	6011302	1	1	6012302	1	1									
1006	50		50	3800																					
1007	50		50	4400																					
1008	50		50	5000																					
1009	50		50	5600																					
1010	50		50	6200																					
1011	100		50	6800																					
1012	100		50	7400																					
1013	100		50	8000				6100306	1	1	6101306	1	1	6102306	1	1									
1014	100		50	8600																					
1015	100		50	9200																					
1016	100		50	9200																					
1017	100		50	9800				6100300	1	1	6101300	1	1	6102300	1	1									
1020	100		50	9800																					
1021	100		50	9800																					
1022	100		50	10400																					
1023	100		50	10400				200008	1	1															
1025	100		50	11000																					
1026	100		50	11000																					
1027	100		50	11600																					
1028	100		50	11600																					
1029	100		50	11600				6100303	1	1	6101303	1	1	6102303	1	1									
1030	100		50	11600																					
1031	100		50	11600																					
1032	100		50	12200																					
1033	100		50	12200				6101305	1	1	6100305	1	1	6102305	1	1									
1034	100		50	12200																					
1035	100		50	12200																					
1036	100		50	12200																					
1037	100		50	12800																					
1038	100		50	12800				6100304	1	1	6101304	1	1	6102304	1	1									
1039	100		50	12800																					
1040	100		50	12800																					
1041	100		50	12800																					
1042	100		50	12800																					
2912	100		100	13400				70001	10	1	70012	5	1												
1501	100		100	13400				23001	5	1															
1502	100		100	13400																					
1503	100		100	13400																					
1504	200		100	13400																					
2905	200		100	13400				71001	1	1															
1505	200		100	13400				71001	1	1							71073	2	1						
1506	200		100	14000																					
1507	200		100	14000				6200302	1	1	6201302	1	1	6202302	1	1									
1508	200		100	14000																					
1509	200		100	14000				23001	5	1															
1510	200		100	14000																					
1511	200		100	64000				71001	1	1	70001	5	1												
2913	200		100	14600				70031	5	1															
2914	200		100	14600																					
2915	200		100	134600				6202307	1	1	6201307	1	1	6200307	1	1									
1512	200		100	15200																					
1513	200		100	15200				71045	1	1															
1514	200		100	15200																					
1515	200		100	15200				6200303	1	1	6201303	1	1	6202303	1	1	70001	10	1						
1516	200		100	15200				23001	10	1	70001	10	1												
1517	200		100	90200				71001	1	1	70001	15	1												
1518	200		100	15800																					
1519	200		100	15800				6200308	1	1	6201308	1	1	6202308	1	1									
1520	200		100	15800																					
1521	200		100	15800																					
1522	200		100	15800																					
1523	200		100	15800				6202300	1	1	6201300	1	1	6200300	1	1									
1524	200		100	15800				2100001	1	1															
1525	200		100	15800																					
1526	200		100	18800																					
2916	200		100	75800				6200301	1	1	6201301	1	1	6202301	1	1	70001	3	1						
1527	200		100	16400																					
1528	200		100	16400																					
1529	200		100	16400																					
1530	200		100	16400				77807	1	1															
1531	200		100	16400																					
2927	200		100	116400				71001	2	1	70001	3	1												
1532	200		100	16400																					
1533	200		100	16400				23001	10	1	23002	5	1												
2930			10000	17000																					
1534	200		100	17000																					
1535	200		100	17000																					
1536	200		100	17000				6200305	1	1	6201305	1	1	6202305	1	1									
1537	200		100	17000																					
1538	200		600	27000				71001	6	1															
1539	200		600	17600																					
1540	200		600	17600																					
1541	200		600	17600				6200306	1	1	6201306	1	1	6202306	1	1	71001	3	1						
1542	200		600	17600																					
1543	200		600	17600				71005	3	1															
1544	200		600	17600				6666666	1	1															
1545	200		600	37600				72001	6	1															
1546	200		600	27600				71004	3	1															
1547	200		600	17600																					
1548	200		600	17600																					
1549	200		600	25000				71001	3	1															
1550	200		600	18200				23001	20	1															
1551	200		600	38200																					
2900	200		600	18200																					
2901	200		600	38200																					
1552	200		600	18200				6200304	1	1	6201304	1	1	6202304	1	1									
2902	200		600	38200																					
2903	200		600	18200																					
2904	200		600	48200				71001	3	1															
1553	200		600	20000																					
1554	200		600	20000				72001	1	1															
1555	200		600	20000																					
2917	200		600	20000																					
2918	200		600	20000																					
2919	200		600	70000				71001	3	1															
2921	200		600	120000				6200309	1	1	6201309	1	1	6202309	1	1	71001	6	1						
1556	300		20000	23				71001	3	1	6300307	1	1	6301307	1	1	6302307	1	1						
2744	300		1000	23				6300306	1	1	6301306	1	1	6302306	1	1									
2743	300		1000	10000				71073	1	1															
2746	300		1000	10000				71001	3	1	70041	2	1												
2747	300		1000	10000				6300302	1	1	6301302	1	1	6302302	1	1									
2751	300		1000	10000				71073	2	1															
1557	300		1000	23																					
1558	300		1000	23																					
1559	300		1000	23																					
1560	300		1000	23				9231	2	1															
2754	300		1000	10000				6302309	1	1	6301309	1	1	6300309	1	1									
1561	300		1000	23				6300300	1	1	6301300	1	1	6302300	1	1									
1562	300		1000	23																					
1563	300		1000	23																					
1564	300		1000	23				71073	1	1															
1565	300		1000	23																					
1566	300		1000	23				23001	15	1	23002	5	1												
2922	300		1000	23				71001	1	1	72001	1	1												
2923	300		1000	23				71073	1	1	72001	1	1												
1567	300		1000	23																					
1568	300		1000	23																					
1569	300		1000	23				6300303	1	1	6301303	1	1	6302303	1	1									
1570	300		1000	23																					
1571	300		1000	23																					
1572	300		1000	23				71004	3	1															
2752	300		1000	10000				71004	1	1															
1573	300		1000	23																					
1574	300		1000	23																					
1575	300		1000	23				23001	15	1	23002	5	1												
1576	300		1000	23																					
1577	300		1000	23				6300308	1	1	6301308	1	1	6302308	1	1									
1578	300		1000	23																					
1579	300		1000	23																					
1580	300		1000	23																					
1581	300		1000	23																					
1582	300		1000	23				6010410	1	1	6011410	1	1	6012410	1	1	73901	3	1						
2753	300		1000	10000				73901	1	1															
1583	300		1000	23																					
1584	300		1000	23																					
1585	300		1000	23																					
1586	300		1000	23																					
1587	300		1000	23				200009	1	1															
1588	300		1000	23																					
1589	300		1000	23																					
1590	300		1000	23				77781	1	1															
1591	300		1000	23																					
1592	300		1000	23																					
1593	300		1000	23				6302304	1	1	6300304	1	1	6301304	1	1	10103	1	1						
1594	300		1000	23																					
1595	300		1000	23																					
1596	300		1000	23																					
1597	300		1000	23																					
1598	300		1000	23																					
1599	300		1000	23				71073	1	1	71005	1	1	10101	1	1									
2749				10000				71073	1	1	70001	2	1	10102	2	1									
1600	300		1000	23																					
1601	300		1000	23																					
1602	300		1000	23																					
1603	300		1000	23																					
1604	300		1000	23				71073	1	1															
1605	300		1000	23																					
1606	300		1000	23																					
1607	300		1000	23																					
1608	300		1000	23																					
1609	300		1000	23																					
1610	300		1000	23				71004	1	1															
1611	300		1000	23																					
1612	400		1500	23																					
1613	400		1500	23				70061	3	1															
1614	400		1500	23																					
1615	400		1500	23																					
1616	400		1500	23																					
1617	400		1500	23				6302305	1	1	6301305	1	1	6300305	1	1									
1618	400		1500	23																					
1619	400		1500	23																					
2924	400		1500	23				70051	1	1															
1620	400		1500	23																					
1621	400		1500	23																					
1622	400		1500	23																					
1623	400		1500	23				70001	2	1	71073	1	1	72001	2	1									
2750	200		500	10000				70061	2	1	10104	1	1	71001	1	1									
1624	400		1500	23																					
1625	400		1500	23				71001	1	1															
1626	400		1500	23																					
1627	400		1500	23																					
1628	400		1500	23																					
1629	400		1500	23																					
1630	400		1500	23																					
1631	400		1500	23				6302301	1	1	6301301	1	1	6300301	1	1									
1632	400		1500	23																					
1633	400		1500	23																					
1634	400		1500	23																					
2925	400		1500	23				70051	1	1															
1635	400		1500	23																					
1636	400		1500	23																					
1637	400		1500	23																					
1638	400		1500	23																					
1639	400		1500	23																					
1640	400		1500	23																					
1641	400		1500	23																					
1642	400		1500	23				71073	3	1	70001	2	1												
1643	400		1500	23																					
1644	400		1500	23																					
1645	400		1500	23																					
1646	400		1500	23																					
1647	400		1500	23																					
1648	400		1500	23				10103	1	1															
1649	400		1500	23																					
1650	400		1500	23																					
1651	400		1500	23																					
1652	400		1500	23																					
1653	400		1500	23																					
1654	400		1500	23																					
2926	400		1500	23				70061	2	1	70051	1	1												
1655	400		1500	23																					
1656	400		1500	23																					
1657	400		1500	23																					
1658	400		1500	23																					
1659	400		1500	23																					
1660	400		1500	23				72001	2	1															
1661	400		1500	23																					
1662	400		1500	23																					
1663	400		1500	23																					
1664	400		1500	23																					
1665	400		1500	23																					
2929	400		1500	23				71001	1	1	70051	1	1												
1666	400		1500	23																					
1667	400		1500	23																					
1668	400		1500	23																					
1669	400		1500	23																					
1670	400		1500	23																					
1671	400		1500	23																					
1672	500		1500	23																					
1673	500		1500	23				10101	1	1															
1674	500		1500	23																					
1675	500		1500	23																					
1676	500		1500	23																					
1677	500		1500	23																					
1678	500		1500	23																					
2928	500		1500	23				71073	1	1	70051	1	1												
1679	500		23	23				30201	1	1															
1680	500		23	23																					
1681	500		23	23				24001	10	1	24002	10	1												
1682	500		23	23																					
1683	500		23	23																					
1684	500		23	23																					
1685	500		23	23				200010	1	1															
1686	500		23	23																					
1687	500		23	23																					
1688	500		23	23																					
1689	500		23	23																					
1690	500		23	23				73913	10	1															
1691	500		23	23																					
1692	500		23	23																					
1693	500		23	23																					
1694	500		23	23																					
1695	500		23	23				71073	1	1															
1696	500		23	23				24001	10	1	24002	10	1												
1697	500		23	23																					
1698	500		23	23																					
1699	500		23	23																					
1700	500		23	23																					
1701	500		23	23																					
1702	500		23	23				73913	10	1															
1703	500		23	23																					
1704	500		23	23																					
1705	500		23	23																					
1706	500		23	23																					
1707	500		23	23																					
1708	500		23	23																					
1709	500		23	23				24001	10	1	24002	10	1												
1710	500		23	23																					
1711	500		23	23																					
1712	500		23	23																					
1713	500		23	23																					
1714	500		23	23																					
1715	500		23	23				73913	1	1															
1716	500		23	23																					
1717	500		23	23																					
1718	500		23	23																					
1719	500		23	23				71001	1	1															
1720	500		23	23																					
1721	500		23	23																					
1722	500		23	23																					
1723	500		23	23																					
1724	500		23	23																					
1725	500		23	23																					
1726	500		23	23				24001	10	1	24002	10	1												
1727	500		23	23																					
1728	500		23	23																					
1729	500		23	23																					
1730	500		23	23																					
1731	500		23	23																					
1732	500		23	23				73913	1	1															
1733	500		23	23																					
1734	500		23	23																					
1735	500		23	23																					
1736	500		23	23																					
1737	500		23	23				71073	1	1															
1738	500		23	23																					
1739	500		23	23																					
1740	500		23	23																					
1741	500		23	23																					
1742	500		23	23																					
1743	500		23	23																					
1744	500		23	23				73913	1	1															
1745	500		23	23																					
1746	500		23	23																					
1747	500		23	23																					
1748	500		23	23																					
1749	500		23	23				70001	2	1															
1750	500		23	23																					
1751	500		23	23																					
1752	500		23	23																					
1753	500		23	23																					
1754	500		23	23																					
1755	500		23	23				73913	1	1															
1756	500		23	23																					
1757	500		23	23																					
1758	500		23	23																					
1759	500		23	23				72002	1	1															
1760	500		23	23																					
1761	500		23	23																					
1762	500		23	23																					
1763	500		23	23				70041	2	1															
1764	500		23	23																					
1765	500		23	23																					
1766	500		23	23																					
1767	500		23	23																					
1768	500		23	23																					
1769	500		23	23																					
1770	500		23	23																					
1771	500		23	23				71073	1	1															
1772	500		23	23																					
1773	500		23	23																					
1774	500		23	23																					
1775	500		23	23																					
1776	500		23	23																					
1777	500		23	23																					
1778	500		23	23				24001	10	1	24002	10	1												
1779	500		23	23																					
1780	500		23	23																					
1781	500		23	23																					
1782	500		23	23																					
1783	500		23	23																					
1784	500		23	23																					
1785	500		23	23				71073	1	1															
1786	500		23	23																					
1787	500		23	23																					
1788	500		23	23																					
1789	500		23	23				71004	2	1															
1790	500		23	23																					
1791	500		23	23																					
1792	500		23	23																					
1793	500		23	23																					
1794	500		23	23																					
1795	500		23	23				70041	2	1															
1796	500		23	23																					
1797	500		23	23																					
1798	500		23	23				71046	1	1															
1799	500		23	23																					
1800	500		23	23																					
1801	500		23	23																					
1802	500		23	23																					
1803	500		23	23																					
1804	500		23	23																					
1805	500		23	23				70012	1	1															
1806	500		23	23																					
1807	500		23	23																					
1808	500		23	23																					
1809	500		23	23																					
1810	500		23	23																					
1811	500		23	23																					
1812	500		23	23																					
1813	500		23	23																					
1814	500		23	23				30101	1	1															
1815	500		23	23																					
1816	500		23	23																					
1817	500		23	23																					
1818	500		23	23																					
1819	500		23	23																					
1820	500		23	23																					
1821	500		23	23																					
1822	500		23	23																					
1823	500		23	23																					
1824	500		23	23																					
1825	500		23	23																					
1826	500		23	23																					
1827	500		23	23																					
1828	500		23	23																					
1829	500		23	23																					
1830	500		23	23																					
1831	500		23	23																					
1832	500		23	23																					
1833	500		23	23																					
1834	500		23	23																					
1835	500		23	23																					
1836	500		23	23																					
1837	500		23	23																					
1838	500		23	23																					
1839	500		23	23																					
1840	500		23	23																					
1841	500		23	23																					
1842	500		23	23																					
1843	500		23	23																					
1844	500		23	23																					
1845	500		23	23																					
1846	500		23	23																					
1847	500		23	23																					
1848	500		23	23																					
1849	500		23	23																					
1850	500		23	23																					
1851	500		23	23																					
1852	500		23	23																					
1853	500		23	23																					
1854	500		23	23																					
1855	500		23	23																					
1856	500		23	23																					
1857	500		23	23																					
1858	500		23	23																					
1859	500		23	23																					
1860	500		23	23																					
1861	500		23	23																					
1862	500		23	23																					
1863	500		23	23																					
1864	500		23	23																					
1865	500		23	23																					
1866	500		23	23																					
1867	500		23	23																					
1868	500		23	23																					
1869	500		23	23																					
1870	500		23	23				200011	1	1															
1871	500		23	23																					
1872	500		23	23																					
1873	500		23	23																					
1874	500		23	23																					
1875	500		23	23																					
1876	500		23	23																					
1877	500		23	23																					
1878	500		23	23				71047	1	1															
1879	500		23	23																					
1880	500		23	23																					
1881	500		23	23																					
1882	500		23	23																					
1883	500		23	23																					
1884	500		23	23																					
1885	500		23	23																					
1886	500		23	23																					
1887	500		23	23																					
1888	500		23	23																					
1889	500		23	23																					
1890	500		23	23																					
1891	500		23	23																					
1892	500		23	23																					
1893	500		23	23																					
1894	500		23	23																					
1895	500		23	23																					
1896	500		23	23																					
1897	500		23	23																					
1898	500		23	23																					
1899	500		23	23																					
1900	500		23	23																					
1901	500		23	23																					
1902	500		23	23																					
1903	500		23	23																					
1904	500		23	23																					
1905	500		23	23																					
1906	500		23	23																					
1907	500		23	23																					
1908	500		23	23																					
1909	500		23	23																					
1910	500		23	23																					
1911	500		23	23																					
1912	500		23	23																					
1913	500		23	23																					
1914	500		23	23																					
1915	500		23	23																					
1916	500		23	23																					
1917	500		23	23																					
1918	500		23	23																					
1919	500		23	23																					
1920	500		23	23																					
1921	500		23	23																					
1922	500		23	23																					
1923	500		23	23																					
1924	500		23	23																					
1925	500		23	23																					
1926	500		23	23																					
1927	500		23	23																					
1928	500		23	23																					
1929	500		23	23																					
1930	500		23	23																					
1931	500		23	23																					
1932	500		23	23																					
1933	500		23	23																					
1934	500		23	23																					
1935	500		23	23																					
1936	500		23	23																					
1937	500		23	23																					
1938	500		23	23																					
1939	500		23	23																					
1940	500		23	23																					
1941	500		23	23																					
1942	500		23	23																					
1943	500		23	23																					
1944	500		23	23																					
1945	500		23	23																					
1946	500		23	23																					
1947	500		23	23																					
1948	500		23	23																					
1949	500		23	23																					
1950	500		23	23																					
1951	500		23	23																					
1952	500		23	23																					
1953	500		23	23																					
1954	500		23	23																					
1955	500		23	23																					
1956	500		23	23																					
1957	500		23	1000																					
																									
																									
																									
																									
																									
																									
																									
																									
																									
																									
																									
																									
3529			23	23																					
3530			23	23																					
3531			23	23																					
3532			23	23																					
3533			23	23																					
3534			23	23																					
3535			23	23																					
3536			23	23																					
3537			23	23																					
3538			23	23																					
3539			23	23																					
3540			23	23																					
3541			23	23																					
3542			23	23																					
3543			23	23																					
3544			23	23																					
3545			23	23																					
3546			23	23																					
3547			23	23																					
3548			23	23																					
3549			23	23																					
3550			23	23																					
3551			23	23																					
3552			23	23																					
3553			23	23																					
3554			23	23																					
3555			23	23																					
3556			23	23																					
3557			23	23																					
3558			23	23																					
3559			23	23																					
3560			23	23																					
3561			23	23																					
3562			23	23																					
3563			23	23																					
3564			23	23																					
3565			23	23																					
3566			23	23																					
3567			23	23																					
3568			23	23																					
3569			23	23																					
3570			23	23																					
3571			23	23																					
3572			23	23																					
3573			23	23																					
3574			23	23																					
3575			23	23																					
3576			23	23																					
3577			23	23																					
3578			23	23																					
3579			23	23																					
3580			23	23																					
3581			23	23																					
3582			23	23																					
3583			23	23																					
3584			23	23																					
3585			23	23																					
3586			23	23																					
3587			23	23																					
3588			23	23																					
3589			23	23																					
3590			23	23																					
3591			23	23																					
3592			23	23																					
3593			23	23																					
3594			23	23																					
3595			23	23																					
3596			23	23																					
3597			23	23																					
3598			23	23																					
3599			23	23																					
3600			23	23																					
3601			23	23																					
3602			23	23																					
3603			23	23																					
3604			23	23																					
3605			23	23																					
3606			23	23																					
3607			23	23																					
3608			23	23																					
3609			23	23																					
3610			23	23																					
3611			23	23																					
3612			23	23																					
3613			23	23																					
3614			23	23																					
3615			23	23																					
3616			23	23																					
3617			23	23																					
3618			23	23																					
3619			23	23																					
3620			23	23																					
3621			23	23																					
3622			23	23																					
3623			23	23																					
3624			23	23																					
3625			23	23																					
3626			23	23																					
3627			23	23																					
3628			23	23																					
3629			23	23																					
3630			23	23																					
3631			23	23																					
3632			23	23																					
3633			23	23																					
3634			23	23																					
3635			23	23																					
3636			23	23																					
3637			23	23																					
3638			23	23																					
3639			23	23																					
3640			23	23																					
3641			23	23																					
3642			23	23																					
3643			23	23																					
3644			23	23																					
3645			23	23																					
3646			23	23																					
3647			23	23																					
3648			23	23																					
3649			23	23																					
3650			23	23																					
3651			23	23																					
3652			23	23																					
3653			23	23																					
3654			23	23																					
3655			23	23																					
3656			23	23																					
3657			23	23																					
3658			23	23																					
3659			23	23																					
3660			23	23																					
3661			23	23																					
3662			23	23																					
8001			23	23																					
8002			23	23																					
8003			23	23																					
8004			23	23																					
8005			23	23																					
8006			23	23																					
8007			23	23																					
8008			23	23																					
8009			23	23																					
8010			23	23																					
8011			23	23																					
8012			23	23																					
8013			23	23																					
8014			23	23																					
8015			23	23																					
8016			23	23																					
8017			23	23																					
8018			23	23																					
8019			23	23																					
8020			23	23																					
8021			23	23																					
8022			23	23																					
8023			23	23																					
8024			23	23																					
8025			23	23																					
8026			23	23																					
8027			23	23																					
8028			23	23																					
8029			23	23																					
8030			23	23																					
8031			23	23																					
8032			23	23																					
8033			23	23																					
8034			23	23																					
8035			23	23																					
8036			23	23																					
8037			23	23																					
8038			23	23																					
8039			23	23																					
8040			23	23																					
8041			23	23																					
8042			23	23																					
8043			23	23																					
8044			23	23																					
8064			23	23																					
8065			23	23																					
8066			23	23																					
8067			23	23																					
5153			23	23																					
5155			23	23																					
5149			23	23																					
5163			23	23																					
3663			23	23																					
3664			23	23																					
																									
																									
																									
5164			23	23																					
5165			23	23																					
5166			23	23																					
5167			23	23																					
5168			23	23																					
5169			23	23																					
5170			23	23																					
5171			23	23																					
5172			23	23																					
5173			23	23																					
5174			23	23																					
5175			23	23																					
5176			23	23																					
5177			23	23																					
5178			23	23																					
5179			23	23																					
5180			23	23																					
5181			23	23																					
5182			23	23																					
5183			23	23																					
5184			23	23																					
5185			23	23																					
5186			23	23																					
5187			23	23																					
5188			23	23																					
5189			23	23																					
5190			23	23																					
5191			23	23																					
5192			23	23																					
5193			23	23																					
5194			23	23																					
5195			23	23																					
5196			23	23																					
5197			23	23																					
5198			23	23																					
5199			23	23																					
5200			23	23																					
5201			23	23																					
5202			23	23																					
5203			23	23																					
5204			23	23																					
5205			23	23																					
5206			23	23																					
5207			23	23																					
5208			23	23																					
5209			23	23																					
5210			23	23																					
5211			23	23																					
5212			23	23																					
5213			23	23																					
5214			23	23																					
5215			23	23																					
5216			23	23																					
5217			23	23																					
5218			23	23																					
5219			23	23																					
5220			23	23																					
5221			23	23																					
5222			23	23																					
5223			23	23																					
5224			23	23																					
5225			23	23																					
5226			23	23																					
5227			23	23																					
5228			23	23																					
10007								71001	1	1	71073	1	1												
10008								71001	1	1	71073	1	1												
10009								71001	1	1	71073	1	1												
10001			4800	33000																					
10002			2400	16500				71001	1	1	71073	1	1												
10003			2400	16500				71001	1	1	71073	1	1												
10010			6000	44000																					
10011			3000	22000				71001	1	1	71073	1	1												
10012			3000	22000				71001	1	1	71073	1	1												
10013			7000	48000																					
10014			3500	24000				71001	1	1	71073	1	1	71002	1	1									
10015			3500	24000				71001	1	1	71073	1	1	71002	1	1									
10016			8800	86000																					
10017			4400	43000				71001	1	1	71073	1	1	71002	1	1									
10018			4400	43000				71001	1	1	71073	1	1	71002	1	1									
10019			10000	172800																					
10020			5000	86400				71001	1	1	71073	1	1	71002	1	1	71003	1	1						
10021			5000	86400				71001	1	1	71073	1	1	71002	1	1	71003	1	1						
10022			11800	224640																					
10023			5900	112320				71001	1	1	71073	1	1	71002	1	1	71003	1	1						
10024			5900	112320				71001	1	1	71073	1	1	71002	1	1	71003	1	1						
10025			12600	292040																					
10026			6300	146020				71001	1	1	71073	1	1	71002	1	1	71003	1	1						
10027			6300	146020				71001	1	1	71073	1	1	71002	1	1	71003	1	1						
10028			14400	379640																					
10029			7200	189820				71001	1	1	71073	1	1	71002	1	1	71003	1	1						
10030			7200	189820				71001	1	1	71073	1	1	71002	1	1	71003	1	1						
10031			16600	493520																					
10032			8300	246760				71001	1	1	71073	1	1	71002	1	1	71003	1	1						
10033			8300	246760				71001	1	1	71073	1	1	71002	1	1	71003	1	1						
10034			17200	641600																					
10035			8600	320800				71001	1	1	71073	1	1	71002	1	1	71003	1	1						
10036			8600	320800				71001	1	1	71073	1	1	71002	1	1	71003	1	1						
10037			4800	33000																					
10038			2400	16500				71001	1	1	71073	1	1												
10039			2400	16500				71001	1	1	71073	1	1												
10040			6000	44000																					
10041			3000	22000				71001	1	1	71073	1	1												
10042			3000	22000				71001	1	1	71073	1	1												
10043			7000	48000																					
10044			3500	24000				71001	1	1	71073	1	1	71002	1	1									
10045			3500	24000				71001	1	1	71073	1	1	71002	1	1									
10046			8800	86000																					
10047			4400	43000				71001	1	1	71073	1	1	71002	1	1									
10048			4400	43000				71001	1	1	71073	1	1	71002	1	1									
10049			10000	172800																					
10050			5000	86400				71001	1	1	71073	1	1	71002	1	1	71003	1	1						
10051			5000	86400				71001	1	1	71073	1	1	71002	1	1	71003	1	1						
10052			11800	224640																					
10053			5900	112320				71001	1	1	71073	1	1	71002	1	1	71003	1	1						
10054			5900	112320				71001	1	1	71073	1	1	71002	1	1	71003	1	1						
10055			12600	292040																					
10056			6300	146020				71001	1	1	71073	1	1	71002	1	1	71003	1	1						
10057			6300	146020				71001	1	1	71073	1	1	71002	1	1	71003	1	1						
10058			14400	379640																					
10059			7200	189820				71001	1	1	71073	1	1	71002	1	1	71003	1	1						
10060			7200	189820				71001	1	1	71073	1	1	71002	1	1	71003	1	1						
10061			16600	493520																					
10062			8300	246760				71001	1	1	71073	1	1	71002	1	1	71003	1	1						
10063			8300	246760				71001	1	1	71073	1	1	71002	1	1	71003	1	1						
10064			17200	641600																					
10065			8600	320800				71001	1	1	71073	1	1	71002	1	1	71003	1	1						
10066			8600	320800				71001	1	1	71073	1	1	71002	1	1	71003	1	1						
10067			4800	33000																					
10068			2400	16500				71001	1	1	71073	1	1												
10069			2400	16500				71001	1	1	71073	1	1												
10070			6000	44000																					
10071			3000	22000				71001	1	1	71073	1	1												
10072			3000	22000				71001	1	1	71073	1	1												
10073			7000	48000																					
10074			3500	24000				71001	1	1	71073	1	1	71002	1	1									
10075			3500	24000				71001	1	1	71073	1	1	71002	1	1									
10076			8800	86000																					
10077			4400	43000				71001	1	1	71073	1	1	71002	1	1									
10078			4400	43000				71001	1	1	71073	1	1	71002	1	1									
10079			10000	172800																					
10080			5000	86400				71001	1	1	71073	1	1	71002	1	1	71003	1	1						
10081			5000	86400				71001	1	1	71073	1	1	71002	1	1	71003	1	1						
10082			11800	224640																					
10083			5900	112320				71001	1	1	71073	1	1	71002	1	1	71003	1	1						
10084			5900	112320				71001	1	1	71073	1	1	71002	1	1	71003	1	1						
10085			12600	292040																					
10086			6300	146020				71001	1	1	71073	1	1	71002	1	1	71003	1	1						
10087			6300	146020				71001	1	1	71073	1	1	71002	1	1	71003	1	1						
10088			14400	379640																					
10089			7200	189820				71001	1	1	71073	1	1	71002	1	1	71003	1	1						
10090			7200	189820				71001	1	1	71073	1	1	71002	1	1	71003	1	1						
10091			16600	493520																					
10092			8300	246760				71001	1	1	71073	1	1	71002	1	1	71003	1	1						
10093			8300	246760				71001	1	1	71073	1	1	71002	1	1	71003	1	1						
10094			17200	641600																					
10095			8600	320800				71001	1	1	71073	1	1	71002	1	1	71003	1	1						
10096			8600	320800				71001	1	1	71073	1	1	71002	1	1	71003	1	1						
																									
2910			1000	5000				190002	1	1															
2911			1000	5000				9231	1	1															
																									
2501	150		500	23																					
2502	150		500	23																					
2503	150		500	23																					
2504	150		500	23																					
2505	150		500	23																					
2506	150		500	23																					
2507	150		500	23																					
2508	150		500	23																					
2509	150		500	23																					
2510	150		500	23																					
2511	150		500	23																					
2512	150		500	23																					
2513	150		500	23																					
2514	150		500	23																					
2515	150		500	23																					
2516	200		750	23																					
2517	200		750	23																					
2518	200		750	23																					
2519	200		750	23																					
2520	200		750	23																					
2521	200		750	23																					
2522	200		750	23																					
2523	200		750	23																					
2524	200		750	23																					
2525	200		750	23																					
2526	200		750	23																					
2527	200		750	23																					
2528	200		750	23																					
2529	200		750	23																					
2530	200		750	23																					
2531	200		750	23																					
2532	200		750	23																					
2533	200		750	23																					
2534	200		750	23																					
2535	200		750	23																					
2536	250		750	23																					
2537	250		750	23																					
2538	250		750	23																					
2539	250		750	23																					
2540	250		750	23																					
2541	250		1000	23																					
2542	250		1000	23																					
2543	250		1000	23																					
2544	250		1000	23																					
2545	250		1000	23																					
2546	250		1000	23																					
2547	250		1000	23																					
2548	250		1000	23																					
2549	250		1000	23																					
2550	250		1000	23																					
2551	250		1000	23																					
2552	250		1000	23																					
2553	250		1000	23																					
2554	250		1000	23																					
2555	250		1000	23																					
2556	250		1000	23																					
2557	250		1000	23																					
2558	250		1000	23																					
2559	250		1000	23																					
2560	250		1000	23																					
2561	250		1000	23																					
2562	250		1000	23																					
2563	250		1000	23																					
2564	250		1000	23																					
2565	250		1000	23																					
2566	250		1250	23																					
2567	250		1250	23																					
2568	250		1250	23																					
2569	250		1250	23																					
2570	250		1250	23																					
2571	250		1250	23																					
2572	250		1250	23																					
2573	250		1250	23																					
2574	250		1250	23																					
2575	250		1250	23																					
2576	250		1250	23																					
2577	250		1250	23																					
2578	250		1250	23																					
2579	250		1250	23																					
2580	250		1250	23																					
2581	250		1250	23																					
2582	250		1250	23																					
2583	250		1250	23																					
2584	250		1250	23																					
2585	250		1250	23																					
2586	250		1250	23																					
2587	250		1250	23																					
2588	250		1250	23																					
2589	250		1250	23																					
2590	250		1250	23																					
2591	250		1500	23																					
2592	250		1500	23																					
2593	250		1500	23																					
2594	250		1500	23																					
2595	250		1500	23																					
2596	250		1500	23																					
2597	250		1500	23																					
2598	250		1500	23																					
2599	250		1500	23																					
2600	250		1500	23																					
2601	250		1500	23																					
2602	250		1500	23																					
2603	250		1500	23																					
2604	250		1500	23																					
2605	250		1500	23																					
2606	250		1500	23																					
2607	250		1500	23																					
2608	250		1500	23																					
2609	250		1500	23																					
2610	250		1500	23																					
2611	250		1500	23																					
2612	250		1500	23																					
2613	250		1500	23																					
2614	250		1500	23																					
2615	250		1500	23																					
2616	250		1750	23																					
2617	250		1750	23																					
2618	250		1750	23																					
2619	250		1750	23																					
2620	250		1750	23																					
2621	250		1750	23																					
2622	250		1750	23																					
2623	250		1750	23																					
2624	250		1750	23																					
2625	250		1750	23																					
2626	250		1750	23																					
2627	250		1750	23																					
2628	250		1750	23																					
2629	250		1750	23																					
2630	250		1750	23																					
2631	250		1750	23																					
2632	250		1750	23																					
2633	250		1750	23																					
2634	250		1750	23																					
2635	250		1750	23																					
2636	250		1750	23																					
2637	250		1750	23																					
2638	250		1750	23																					
2639	250		1750	23																					
2640	250		1750	23																					
2641	250		2000	23																					
2642	250		2000	23																					
2643	250		2000	23																					
2644	250		2000	23																					
2645	250		2000	23																					
2646	250		2000	23																					
2647	250		2000	23																					
2648	250		2000	23																					
2649	250		2000	23																					
2650	250		2000	23																					
2651	250		2000	23																					
2652	250		2000	23																					
2653	250		2000	23																					
2654	250		2000	23																					
2655	250		2000	23																					
2656	250		2000	23																					
2657	250		2000	23																					
2658	250		2000	23																					
2659	250		2000	23																					
2660	250		2000	23																					
2661	250		2000	23																					
2662	250		2000	23																					
2663	250		2000	23																					
2664	250		2000	23																					
2665	250		2000	23																					
2666	250		2250	23																					
2667	250		2250	23																					
2668	250		2250	23																					
2669	250		2250	23																					
2670	250		2250	23																					
2671	250		2250	23																					
2672	250		2250	23																					
2673	250		2250	23																					
2674	250		2250	23																					
2675	250		2250	23																					
2676	250		2250	23																					
2677	250		2250	23																					
2678	250		2250	23																					
2679	250		2250	23																					
2680	250		2250	23																					
2681	250		2250	23																					
2682	250		2250	23																					
2683	250		2250	23																					
2684	250		2250	23																					
2685	250		2250	23																					
2686	250		2250	23																					
2687	250		2250	23																					
2688	250		2250	23																					
2689	250		2250	23																					
2690	250		2250	23																					
2691	250		2500	23																					
2692	250		2500	23																					
2693	250		2500	23																					
2694	250		2500	23																					
2695	250		2500	23																					
2696	250		2500	23																					
2697	250		2500	23																					
2698	250		2500	23																					
2699	250		2500	23																					
2700	250		2500	23																					
2701	250		2500	23																					
2702	250		2500	23																					
2703	250		2500	23																					
2704	250		2500	23																					
2705	250		2500	23																					
2706	250		2500	23																					
2707	250		2500	23																					
2708	250		2500	23																					
2709	250		2500	23																					
2710	250		2500	23																					
2711	250		2500	23																					
2712	250		2500	23																					
2713	250		2500	23																					
2714	250		2500	23																					
2715	250		2500	23																					
2716	250		2750	23																					
2717	250		2750	23																					
2718	250		2750	23																					
2719	250		2750	23																					
2720	250		2750	23																					
2721	250		2750	23																					
2722	250		2750	23																					
2723	250		2750	23																					
2724	250		2750	23																					
2725	250		2750	23																					
2726	250		2750	23																					
2727	250		2750	23																					
2728	250		2750	23																					
2729	250		2750	23																					
2730	250		2750	23																					
2731	250		2750	23																					
2732	250		2750	23																					
2733	250		2750	23																					
2734	250		2750	23																					
2735	250		2750	23																					
2736	250		2750	23																					
2737	250		2750	23																					
2738	250		2750	23																					
2739	250		2750	23																					
2740	250		2750	23																					
2755	250		500	23																					
2756	250		500	23																					
2757	250		500	23																					
2758	250		500	23																					
2759	250		500	23																					
2760	250		500	23																					
2761	250		500	23																					
2762	250		500	23																					
2763	250		500	23																					
2764	250		500	23																					
																									
10103			23	23																					
10104			23	23																					
10105			23	23				70041	2	1															
10106			23	23																					
10107			23	23																					
10108			23	23				70041	2	1															
10109			23	23																					
10110			23	23				9209	1	1															
10111			23	23				70041	2	1															
10112			23	23																					
10113			23	23				9209	1	1															
10114			23	23				70041	2	1															
10115			23	23																					
10116			23	23				9210	1	1															
10117			23	23				70041	2	1															
10118			23	23																					
10119			23	23				9210	1	1															
10120			23	23				70041	2	1															
10121			23	23																					
10122			23	23				9210	1	1															
10123			23	23				70041	2	1															
10124			23	23																					
10125			23	23				9210	1	1															
10126			23	23				70041	2	1															
10127			23	23																					
10128			23	23				9210	1	1															
10129			23	23				70041	2	1															
10130			23	23																					
10131			23	23				9210	1	1															
10132			23	23				70041	2	1															
10136			23	23																					
10137			23	23																					
10138			23	23				70041	2	1															
10139			23	23																					
10140			23	23																					
10141			23	23				70041	2	1															
10142			23	23																					
10143			23	23				9209	1	1															
10144			23	23				70041	2	1															
10145			23	23																					
10146			23	23				9209	1	1															
10147			23	23				70041	2	1															
10148			23	23																					
10149			23	23				9210	1	1															
10150			23	23				70041	2	1															
10151			23	23																					
10152			23	23				9210	1	1															
10153			23	23				70041	2	1															
10154			23	23																					
10155			23	23				9210	1	1															
10156			23	23				70041	2	1															
10157			23	23																					
10158			23	23				9210	1	1															
10159			23	23				70041	2	1															
10160			23	23																					
10161			23	23				9210	1	1															
10162			23	23				70041	2	1															
10163			23	23																					
10164			23	23				9210	1	1															
10165			23	23				70041	2	1															
10169			23	23																					
10170			23	23																					
10171			23	23				70041	2	1															
10172			23	23																					
10173			23	23																					
10174			23	23				70041	2	1															
10175			23	23																					
10176			23	23				9209	1	1															
10177			23	23				70041	2	1															
10178			23	23																					
10179			23	23				9209	1	1															
10180			23	23				70041	2	1															
10181			23	23																					
10182			23	23				9210	1	1															
10183			23	23				70041	2	1															
10184			23	23																					
10185			23	23				9210	1	1															
10186			23	23				70041	2	1															
10187			23	23																					
10188			23	23				9210	1	1															
10189			23	23				70041	2	1															
10190			23	23																					
10191			23	23				9210	1	1															
10192			23	23				70041	2	1															
10193			23	23																					
10194			23	23				9210	1	1															
10195			23	23				70041	2	1															
10196			23	23																					
10197			23	23				9210	1	1															
10198			23	23				70041	2	1															
10199			23	23				70022	2	1															
10200			23	23				70022	2	1															
10201			23	23				70022	2	1															
10202			23	23				70022	2	1															
10203			23	23				70022	2	1															
10204			23	23				70021	2	1															
10205			23	23				70021	2	1															
10206			23	23				70021	2	1															
10207			23	23				70021	2	1															
10208			23	23				70021	2	1															
10209			23	23				70022	2	1															
10210			23	23				70022	2	1															
10211			23	23				70022	2	1															
10212			23	23				70022	2	1															
10213			23	23				70022	2	1															
10214			23	23				70021	2	1															
10215			23	23				70021	2	1															
10216			23	23				70021	2	1															
10217			23	23				70021	2	1															
10218			23	23				70021	2	1															
10219			23	23				70022	2	1															
10220			23	23				70022	2	1															
10221			23	23				70022	2	1															
10222			23	23				70022	2	1															
10223			23	23				70022	2	1															
10224			23	23				70021	2	1															
10225			23	23				70021	2	1															
10226			23	23				70021	2	1															
10227			23	23				70021	2	1															
10228			23	23				70021	2	1															
																									
10301				23				71001	2	1	71073	2	1												
10302				23				71001	2	1	71073	2	1												
10303				23				71001	2	1	71073	2	1												
10304				23				71001	2	1	71073	2	1												
10305				23				71001	2	1	71073	2	1												
10306				23				71001	2	1	71073	2	1												
10307				23				71001	2	1	71073	2	1												
10308				23				71001	2	1	71073	2	1												
10309				23				71001	2	1	71073	2	1												
10310				23				71001	2	1	71073	2	1												
10311			2400	23				71001	1	1	71073	1	1												
10312			3000	23				71001	1	1	71073	1	1												
10313			3500	23				71001	1	1	71073	1	1	71002	1	1									
10314			4400	23				71001	1	1	71073	1	1	71002	1	1									
10315			5000	23				71001	1	1	71073	1	1	71002	1	1	71003	1	1						
10316			5900	23				71001	1	1	71073	1	1	71002	1	1	71003	1	1						
10317			6300	23				71001	1	1	71073	1	1	71002	1	1	71003	1	1						
10318			7200	23				71001	1	1	71073	1	1	71002	1	1	71003	1	1						
10319			8300	23				71001	1	1	71073	1	1	71002	1	1	71003	1	1						
10320			8600	23				71001	1	1	71073	1	1	71002	1	1	71003	1	1						
10321			2400	23				71001	1	1	71073	1	1												
10322			3000	23				71001	1	1	71073	1	1												
10323			3500	23				71001	1	1	71073	1	1	71002	1	1									
10324			4400	23				71001	1	1	71073	1	1	71002	1	1									
10325			5000	23				71001	1	1	71073	1	1	71002	1	1	71003	1	1						
10326			5900	23				71001	1	1	71073	1	1	71002	1	1	71003	1	1						
10327			6300	23				71001	1	1	71073	1	1	71002	1	1	71003	1	1						
10328			7200	23				71001	1	1	71073	1	1	71002	1	1	71003	1	1						
10329			8300	23				71001	1	1	71073	1	1	71002	1	1	71003	1	1						
10330			8600	23				71001	1	1	71073	1	1	71002	1	1	71003	1	1						
10331			4800	23				71001	1	1	71073	1	1												
10332			6000	23				71001	1	1	71073	1	1												
10333			7000	23				71001	1	1	71073	1	1	71002	1	1									
10334			8800	23				71001	1	1	71073	1	1	71002	1	1									
10335			10000	23				71001	1	1	71073	1	1	71002	1	1	71003	1	1						
10336			11800	23				71001	1	1	71073	1	1	71002	1	1	71003	1	1						
10337			12600	23				71001	1	1	71073	1	1	71002	1	1	71003	1	1						
10338			14400	23				71001	1	1	71073	1	1	71002	1	1	71003	1	1						
10339			16600	23				71001	1	1	71073	1	1	71002	1	1	71003	1	1						
10340			17200	23				71001	1	1	71073	1	1	71002	1	1	71003	1	1						
10341				23				71001	2	1	71073	2	1												
10342				23				71001	2	1	71073	2	1												
10343				23				71001	2	1	71073	2	1												
10344				23				71001	2	1	71073	2	1												
10345				23				71001	2	1	71073	2	1												
10346				23				71001	2	1	71073	2	1												
10347				23				71001	2	1	71073	2	1												
10348				23				71001	2	1	71073	2	1												
10349				23				71001	2	1	71073	2	1												
10350				23				71001	2	1	71073	2	1												
10351			2400	23				71001	1	1	71073	1	1												
10352			3000	23				71001	1	1	71073	1	1												
10353			3500	23				71001	1	1	71073	1	1	71002	1	1									
10354			4400	23				71001	1	1	71073	1	1	71002	1	1									
10355			5000	23				71001	1	1	71073	1	1	71002	1	1	71003	1	1						
10356			5900	23				71001	1	1	71073	1	1	71002	1	1	71003	1	1						
10357			6300	23				71001	1	1	71073	1	1	71002	1	1	71003	1	1						
10358			7200	23				71001	1	1	71073	1	1	71002	1	1	71003	1	1						
10359			8300	23				71001	1	1	71073	1	1	71002	1	1	71003	1	1						
10360			8600	23				71001	1	1	71073	1	1	71002	1	1	71003	1	1						
10361			2400	23				71001	1	1	71073	1	1												
10362			3000	23				71001	1	1	71073	1	1												
10363			3500	23				71001	1	1	71073	1	1	71002	1	1									
10364			4400	23				71001	1	1	71073	1	1	71002	1	1									
10365			5000	23				71001	1	1	71073	1	1	71002	1	1	71003	1	1						
10366			5900	23				71001	1	1	71073	1	1	71002	1	1	71003	1	1						
10367			6300	23				71001	1	1	71073	1	1	71002	1	1	71003	1	1						
10368			7200	23				71001	1	1	71073	1	1	71002	1	1	71003	1	1						
10369			8300	23				71001	1	1	71073	1	1	71002	1	1	71003	1	1						
10370			8600	23				71001	1	1	71073	1	1	71002	1	1	71003	1	1						
10371			4800	23				71001	1	1	71073	1	1												
10372			6000	23				71001	1	1	71073	1	1												
10373			7000	23				71001	1	1	71073	1	1	71002	1	1									
10374			8800	23				71001	1	1	71073	1	1	71002	1	1									
10375			10000	23				71001	1	1	71073	1	1	71002	1	1	71003	1	1						
10376			11800	23				71001	1	1	71073	1	1	71002	1	1	71003	1	1						
10377			12600	23				71001	1	1	71073	1	1	71002	1	1	71003	1	1						
10378			14400	23				71001	1	1	71073	1	1	71002	1	1	71003	1	1						
10379			16600	23				71001	1	1	71073	1	1	71002	1	1	71003	1	1						
10380			17200	23				71001	1	1	71073	1	1	71002	1	1	71003	1	1						
10381				23				71001	2	1	71073	2	1												
10382				23				71001	2	1	71073	2	1												
10383				23				71001	2	1	71073	2	1												
10384				23				71001	2	1	71073	2	1												
10385				23				71001	2	1	71073	2	1												
10386				23				71001	2	1	71073	2	1												
10387				23				71001	2	1	71073	2	1												
10388				23				71001	2	1	71073	2	1												
10389				23				71001	2	1	71073	2	1												
10390				23				71001	2	1	71073	2	1												
10391			2400	23				71001	1	1	71073	1	1												
10392			3000	23				71001	1	1	71073	1	1												
10393			3500	23				71001	1	1	71073	1	1	71002	1	1									
10394			4400	23				71001	1	1	71073	1	1	71002	1	1									
10395			5000	23				71001	1	1	71073	1	1	71002	1	1	71003	1	1						
10396			5900	23				71001	1	1	71073	1	1	71002	1	1	71003	1	1						
10397			6300	23				71001	1	1	71073	1	1	71002	1	1	71003	1	1						
10398			7200	23				71001	1	1	71073	1	1	71002	1	1	71003	1	1						
10399			8300	23				71001	1	1	71073	1	1	71002	1	1	71003	1	1						
10400			8600	23				71001	1	1	71073	1	1	71002	1	1	71003	1	1						
10401			2400	23				71001	1	1	71073	1	1												
10402			3000	23				71001	1	1	71073	1	1												
10403			3500	23				71001	1	1	71073	1	1	71002	1	1									
10404			4400	23				71001	1	1	71073	1	1	71002	1	1									
10405			5000	23				71001	1	1	71073	1	1	71002	1	1	71003	1	1						
10406			5900	23				71001	1	1	71073	1	1	71002	1	1	71003	1	1						
10407			6300	23				71001	1	1	71073	1	1	71002	1	1	71003	1	1						
10408			7200	23				71001	1	1	71073	1	1	71002	1	1	71003	1	1						
10409			8300	23				71001	1	1	71073	1	1	71002	1	1	71003	1	1						
10410			8600	23				71001	1	1	71073	1	1	71002	1	1	71003	1	1						
10411			4800	23				71001	1	1	71073	1	1												
10412			6000	23				71001	1	1	71073	1	1												
10413			7000	23				71001	1	1	71073	1	1	71002	1	1									
10414			8800	23				71001	1	1	71073	1	1	71002	1	1									
10415			10000	23				71001	1	1	71073	1	1	71002	1	1	71003	1	1						
10416			11800	23				71001	1	1	71073	1	1	71002	1	1	71003	1	1						
10417			12600	23				71001	1	1	71073	1	1	71002	1	1	71003	1	1						
10418			14400	23				71001	1	1	71073	1	1	71002	1	1	71003	1	1						
10419			16600	23				71001	1	1	71073	1	1	71002	1	1	71003	1	1						
10420			17200	23				71001	1	1	71073	1	1	71002	1	1	71003	1	1						
																									
11001								70041	2	1				70061	1	1									
11002								70051	2	1				70061	2	1									
11003								72001	3	1	72004	1	1												
11004								70041	2	1				70061	2	1									
11005								70051	2	1				70061	3	1									
11006								72001	3	1	72004	1	1												
11007								70041	3	1				70061	2	1									
11008								70051	3	1				70061	3	1									
11009								72001	4	1	72004	2	1												
11010								70041	3	1				70062	1	1									
11011								70051	3	1				70062	2	1									
11012								72001	5	1	72004	2	1												
11013								70041	4	1				70062	1	1									
11014								70051	4	1				70062	2	1									
11015								72001	8	1	72004	2	1												
																									
10501								9249	1	1															
10502				55000				70041	2	1															
10503				73300				70041	2	1															
10504				80000				70041	2	1															
10505				144000				70041	2	1															
10506				288000				70041	2	1	9209	1	1												
10507				374400				70041	2	1	9209	1	1												
10508				486700				70042	2	1	9209	1	1												
10509				632700				70042	2	1	9210	1	1												
10510				822600				70042	2	1	9210	1	1												
10511				1069300				70042	2	1	9210	1	1												
																									
11016				55000				73959	2	1															
11017				73300				73959	2	1															
11018				55000				73959	2	1															
11019				73300				73959	2	1															
11020				55000				73959	2	1															
11021				73300				73959	2	1															
11022				80000				73959	2	1															
11023				144000				73959	2	1															
11024				288000				73959	2	1															
11025				374400				73959	2	1															
11026				486700				73959	2	1															
11027				632700				73959	2	1															
11028				822600				73959	2	1															
11029				1069300				73959	2	1															
11030				80000				73959	2	1															
11031				144000				73959	2	1															
11032				288000				73959	2	1															
11033				374400				73959	2	1															
11034				486700				73959	2	1															
11035				632700				73959	2	1															
11036				822600				73959	2	1															
11037				1069300				73959	2	1															
11038				80000				73959	2	1															
11039				144000				73959	2	1															
11040				288000				73959	2	1															
11041				374400				73959	2	1															
11042				486700				73959	2	1															
11043				632700				73959	2	1															
11044				822600				73959	2	1															
11045				1069300				73959	2	1															
																									
11052			2000					70071	2	1															
11053			5000					70071	5	1															
11054			5000					70071	5	1															
11055			10000					70071	10	1															
11056			20000					70071	20	1															
11057			2000					70071	2	1															
11058			5000					70071	5	1															
11059			5000					70071	5	1															
11060			10000					70071	10	1															
11061			20000					70071	20	1															
11062			2000					70071	2	1															
11063			5000					70071	5	1															
11064			5000					70071	5	1															
11065			10000					70071	10	1															
11066			20000					70071	20	1															
11067			2000					70071	2	1															
11068			5000					70071	5	1															
11069			5000					70071	5	1															
11070			10000					70071	10	1															
11071			20000					70071	20	1															
11072			2000					70071	2	1															
11073			5000					70071	5	1															
11074			5000					70071	5	1															
11075			10000					70071	10	1															
11076			20000					70071	20	1															
11077			2000					70071	2	1															
11078			5000					70071	5	1															
11079			5000					70071	5	1															
11080			10000					70071	10	1															
11081			20000					70071	20	1															
11082			2000					70071	2	1															
11083			5000					70071	5	1															
11084			5000					70071	5	1															
11085			10000					70071	10	1															
11086			20000					70071	20	1															
11087			2000					70071	2	1															
11088			5000					70071	5	1															
11089			5000					70071	5	1															
11090			10000					70071	10	1															
11091			20000					70071	20	1															
11092			2000					70071	2	1															
11093			5000					70071	5	1															
11094			5000					70071	5	1															
11095			10000					70071	10	1															
11096			20000					70071	20	1															
11097			2000					70071	2	1															
11098			5000					70071	5	1															
11099			5000					70071	5	1															
11100			10000					70071	10	1															
11101			20000					70071	20	1															
11102			2000					70071	2	1															
11103			5000					70071	5	1															
11104			5000					70071	5	1															
11105			10000					70071	10	1															
11106			20000					70071	20	1															
11107			2000					70071	2	1															
11108			5000					70071	5	1															
11109			5000					70071	5	1															
11110			10000					70071	10	1															
11111			20000					70071	20	1															
11112			2000					70071	2	1															
11113			5000					70071	5	1															
11114			5000					70071	5	1															
11115			10000					70071	10	1															
11116			20000					70071	20	1															
11117			2000					70071	2	1															
11118			5000					70071	5	1															
11119			5000					70071	5	1															
11120			10000					70071	10	1															
11121			20000					70071	20	1															
11122			2000					70071	2	1															
11123			5000					70071	5	1															
11124			5000					70071	5	1															
11125			10000					70071	10	1															
11126			20000					70071	20	1															
11127			2000					70071	2	1															
11128			5000					70071	5	1															
11129			5000					70071	5	1															
11130			10000					70071	10	1															
11131			20000					70071	20	1															
11132			2000					70071	2	1															
11133			5000					70071	5	1															
11134			5000					70071	5	1															
11135			10000					70071	10	1															
11136			20000					70071	20	1															
11137			2000					70071	2	1															
11138			5000					70071	5	1															
11139			5000					70071	5	1															
11140			10000					70071	10	1															
11141			20000					70071	20	1															
11142			2000					70071	2	1															
11143			5000					70071	5	1															
11144			5000					70071	5	1															
11145			10000					70071	10	1															
11146			20000					70071	20	1															
11147			2000					70071	2	1															
11148			5000					70071	5	1															
11149			5000					70071	5	1															
11150			10000					70071	10	1															
11151			20000					70071	20	1															
11152			2000					70071	2	1															
11153			5000					70071	5	1															
11154			5000					70071	5	1															
11155			10000					70071	10	1															
11156			20000					70071	20	1															
11157			2000					70071	2	1															
11158			5000					70071	5	1															
11159			5000					70071	5	1															
11160			10000					70071	10	1															
11161			20000					70071	20	1															
11162			2000					70071	2	1															
11163			5000					70071	5	1															
11164			5000					70071	5	1															
11165			10000					70071	10	1															
11166			20000					70071	20	1															
11167			2000					70071	2	1															
11168			5000					70071	5	1															
11169			5000					70071	5	1															
11170			10000					70071	10	1															
11171			20000					70071	20	1															
11172			2000					70071	2	1															
11173			5000					70071	5	1															
11174			5000					70071	5	1															
11175			10000					70071	10	1															
11176			20000					70071	20	1															
11177			2000					70071	2	1															
11178			5000					70071	5	1															
11179			5000					70071	5	1															
11180			10000					70071	10	1															
11181			20000					70071	20	1															
11182			2000					70071	2	1															
11183			5000					70071	5	1															
11184			5000					70071	5	1															
11185			10000					70071	10	1															
11186			20000					70071	20	1															
11187			2000					70071	2	1															
11188			5000					70071	5	1															
11189			5000					70071	5	1															
11190			10000					70071	10	1															
11191			20000					70071	20	1															
11192			2000					70071	2	1															
11193			5000					70071	5	1															
11194			5000					70071	5	1															
11195			10000					70071	10	1															
11196			20000					70071	20	1															
11197			2000					70071	2	1															
11198			5000					70071	5	1															
11199			5000					70071	5	1															
11200			10000					70071	10	1															
11201			20000					70071	20	1															
11202			2000					70071	2	1															
11203			5000					70071	5	1															
11204			5000					70071	5	1															
11205			10000					70071	10	1															
11206			20000					70071	20	1															
11207			2000					70071	2	1															
11208			5000					70071	5	1															
11209			5000					70071	5	1															
11210			10000					70071	10	1															
11211			20000					70071	20	1															
																									
11046								20012	1	1	20023	1	1	73962	1	1									
11047								20012	1	1	20023	1	1	73962	2	1									
11048								20012	1	1	20023	1	1	73962	2	1									
11049								20012	1	1	20023	1	1	73962	2	1	73963	1	1						
11050								20012	1	1	20023	1	1	73962	2	1	73963	2	1						
																									
2765			10000					20029	8	1															
																									
2766								2100001	1	1															
																									
11212			1000	30000																					
11213			1000	30000																					
11214			1000	30000				73968	8	1															
11215			1000	30000				73968	8	1															
11216			1000	30000				73968	8	1															
11217			1000	30000				73968	8	1															
11218			1000	30000				73968	8	1															
2767			500	10000																					
2768			1000	30000				9171	1	1															
2769			1000	30000				9172	1	1															
11220			1000	30000				9719	5	1															
11221			1000	30000																					
11222			1000	30000				73976	1	1															
11223			500	5000																					
11224			1000	30000				73976	3	1															
																									
2770								73976	5	1															