ruleId	bornTime	bornnpcid	bornnpccount	bornmapgxbegin	bornmapgxend	bornmapgybegin	bornmapgyend	batchIndex	boss	broadcast
规则ID	刷出时间(秒)	NPC模板ID	NPC数量	坐标X最小值	坐标X最大值	坐标Y最小值	坐标Y最大值	拨次 从1开始	是否是boss 1：是 0：不是	广播内容
1000	1	01cs001	10	490	1138	495	825	1	0	第1波开始！
1000	0	01cs002	10	490	1138	495	825	2	0	第2波开始！
1000	0	01cs003	10	490	1138	495	825	3	0	第3波开始！
1000	0	01cs004	10	490	1138	495	825	4	0	第4波开始！
1000	0	01cs005	10	490	1138	495	825	5	0	第5波开始！
1000	0	01cs006	10	490	1138	495	825	6	0	第6波开始！
1000	0	01cs007	10	490	1138	495	825	7	0	第7波开始！
1000	0	01cs008	10	490	1138	495	825	8	0	第8波开始！
1000	0	01cs009	10	490	1138	495	825	9	0	第9波开始！
1000	0	01cs010	10	490	1138	495	825	10	0	第10波开始！
1000	0	01cs011	10	490	1138	495	825	11	0	第11波开始！
1000	0	01cs012	10	490	1138	495	825	12	0	第12波开始！
1000	0	01cs013	10	490	1138	495	825	13	0	第13波开始！
1000	0	01cs014	10	490	1138	495	825	14	0	第14波开始！
1000	0	01cs015	10	490	1138	495	825	15	0	第15波开始！
1000	0	01cs016	10	490	1138	495	825	16	0	第16波开始！
1000	0	01cs017	10	490	1138	495	825	17	0	第17波开始！
1000	0	01cs018	10	490	1138	495	825	18	0	第18波开始！
1000	0	01cs019	10	490	1138	495	825	19	0	第19波开始！
1000	0	01cs020	10	490	1138	495	825	20	0	第20波开始！
1000	0	01cs021	10	490	1138	495	825	21	0	第21波开始！
1000	0	01cs022	10	490	1138	495	825	22	0	第22波开始！
1000	0	01cs023	10	490	1138	495	825	23	0	第23波开始！
1000	0	01cs024	10	490	1138	495	825	24	0	第24波开始！
1000	0	01cs025	10	490	1138	495	825	25	0	第25波开始！
1000	0	01cs026	10	490	1138	495	825	26	0	第26波开始！
1000	0	01cs027	10	490	1138	495	825	27	0	第27波开始！
1000	0	01cs028	10	490	1138	495	825	28	0	第28波开始！
1000	0	01cs029	10	490	1138	495	825	29	0	第29波开始！
1000	0	01cs030	10	490	1138	495	825	30	0	最后一波！
1000	0	01cs031	1	613	613	549	549	5	0	叮当一响，黄金万两。
1000	0	01cs032	1	613	613	549	549	10	0	叮当一响，黄金万两。
1000	0	01cs033	1	613	613	549	549	15	0	叮当一响，黄金万两。
1000	0	01cs033	1	613	613	549	549	20	0	叮当一响，黄金万两。
1000	0	01cs033	1	613	613	549	549	25	0	叮当一响，黄金万两。
1000	0	01cs033	1	613	613	549	549	30	0	叮当一响，黄金万两。
										
1002	1	03cs001	10	490	1138	495	825	1	0	第1波开始！
1002	0	03cs002	10	490	1138	495	825	2	0	第2波开始！
1002	0	03cs003	10	490	1138	495	825	3	0	第3波开始！
1002	0	03cs004	10	490	1138	495	825	4	0	第4波开始！
1002	0	03cs005	10	490	1138	495	825	5	0	第5波开始！
1002	0	03cs006	10	490	1138	495	825	6	0	第6波开始！
1002	0	03cs007	10	490	1138	495	825	7	0	第7波开始！
1002	0	03cs008	10	490	1138	495	825	8	0	第8波开始！
1002	0	03cs009	10	490	1138	495	825	9	0	第9波开始！
1002	0	03cs010	10	490	1138	495	825	10	0	第10波开始！
1002	0	03cs011	10	490	1138	495	825	11	0	第11波开始！
1002	0	03cs012	10	490	1138	495	825	12	0	第12波开始！
1002	0	03cs013	10	490	1138	495	825	13	0	第13波开始！
1002	0	03cs014	10	490	1138	495	825	14	0	第14波开始！
1002	0	03cs015	10	490	1138	495	825	15	0	第15波开始！
1002	0	03cs016	10	490	1138	495	825	16	0	第16波开始！
1002	0	03cs017	10	490	1138	495	825	17	0	第17波开始！
1002	0	03cs018	10	490	1138	495	825	18	0	第18波开始！
1002	0	03cs019	10	490	1138	495	825	19	0	第19波开始！
1002	0	03cs020	10	490	1138	495	825	20	0	第20波开始！
1002	0	03cs021	10	490	1138	495	825	21	0	第21波开始！
1002	0	03cs022	10	490	1138	495	825	22	0	第22波开始！
1002	0	03cs023	10	490	1138	495	825	23	0	第23波开始！
1002	0	03cs024	10	490	1138	495	825	24	0	第24波开始！
1002	0	03cs025	10	490	1138	495	825	25	0	第25波开始！
1002	0	03cs026	10	490	1138	495	825	26	0	第26波开始！
1002	0	03cs027	10	490	1138	495	825	27	0	第27波开始！
1002	0	03cs028	10	490	1138	495	825	28	0	第28波开始！
1002	0	03cs029	10	490	1138	495	825	29	0	第29波开始！
1002	0	03cs030	10	490	1138	495	825	30	0	最后一波！
1002	0	03cs031	1	613	613	549	549	5	0	叮当一响，黄金万两。
1002	0	03cs032	1	613	613	549	549	10	0	叮当一响，黄金万两。
1002	0	03cs033	1	613	613	549	549	15	0	叮当一响，黄金万两。
1002	0	03cs033	1	613	613	549	549	20	0	叮当一响，黄金万两。
1002	0	03cs033	1	613	613	549	549	25	0	叮当一响，黄金万两。
1002	0	03cs033	1	613	613	549	549	30	0	叮当一响，黄金万两。
										
1001	1	02cs001	10	490	1138	495	825	1	0	第1波开始！
1001	0	02cs002	10	490	1138	495	825	2	0	第2波开始！
1001	0	02cs003	10	490	1138	495	825	3	0	第3波开始！
1001	0	02cs004	10	490	1138	495	825	4	0	第4波开始！
1001	0	02cs005	10	490	1138	495	825	5	0	第5波开始！
1001	0	02cs006	10	490	1138	495	825	6	0	第6波开始！
1001	0	02cs007	10	490	1138	495	825	7	0	第7波开始！
1001	0	02cs008	10	490	1138	495	825	8	0	第8波开始！
1001	0	02cs009	10	490	1138	495	825	9	0	第9波开始！
1001	0	02cs010	10	490	1138	495	825	10	0	第10波开始！
1001	0	02cs011	10	490	1138	495	825	11	0	第11波开始！
1001	0	02cs012	10	490	1138	495	825	12	0	第12波开始！
1001	0	02cs013	10	490	1138	495	825	13	0	第13波开始！
1001	0	02cs014	10	490	1138	495	825	14	0	第14波开始！
1001	0	02cs015	10	490	1138	495	825	15	0	第15波开始！
1001	0	02cs016	10	490	1138	495	825	16	0	第16波开始！
1001	0	02cs017	10	490	1138	495	825	17	0	第17波开始！
1001	0	02cs018	10	490	1138	495	825	18	0	第18波开始！
1001	0	02cs019	10	490	1138	495	825	19	0	第19波开始！
1001	0	02cs020	10	490	1138	495	825	20	0	第20波开始！
1001	0	02cs021	10	490	1138	495	825	21	0	第21波开始！
1001	0	02cs022	10	490	1138	495	825	22	0	第22波开始！
1001	0	02cs023	10	490	1138	495	825	23	0	第23波开始！
1001	0	02cs024	10	490	1138	495	825	24	0	第24波开始！
1001	0	02cs025	10	490	1138	495	825	25	0	第25波开始！
1001	0	02cs026	10	490	1138	495	825	26	0	第26波开始！
1001	0	02cs027	10	490	1138	495	825	27	0	第27波开始！
1001	0	02cs028	10	490	1138	495	825	28	0	第28波开始！
1001	0	02cs029	10	490	1138	495	825	29	0	第29波开始！
1001	0	02cs030	10	490	1138	495	825	30	0	最后一波！
1001	0	02cs031	1	613	613	549	549	5	0	叮当一响，黄金万两。
1001	0	02cs032	1	613	613	549	549	10	0	叮当一响，黄金万两。
1001	0	02cs033	1	613	613	549	549	15	0	叮当一响，黄金万两。
1001	0	02cs033	1	613	613	549	549	20	0	叮当一响，黄金万两。
1001	0	02cs033	1	613	613	549	549	25	0	叮当一响，黄金万两。
1001	0	02cs033	1	613	613	549	549	30	0	叮当一响，黄金万两。
										
1300	1	01qld113	1	1293	1293	484	484	1	0	第1波开始！
1301	1	01qld123	1	1293	1293	484	484	1	0	第1波开始！
1302	1	01qld133	1	1293	1293	484	484	1	0	第1波开始！
1303	1	01qld143	1	1293	1293	484	484	1	0	第1波开始！
1304	1	01qld153	1	1293	1293	484	484	1	0	第1波开始！
1305	1	01qld163	1	1293	1293	484	484	1	0	第1波开始！
1306	1	01qld173	1	1293	1293	484	484	1	0	第1波开始！
1307	1	01qld183	1	1293	1293	484	484	1	0	第1波开始！
1308	1	01qld193	1	1293	1293	484	484	1	0	第1波开始！
1309	1	01qld203	1	1293	1293	484	484	1	0	第1波开始！
1310	1	01qld213	1	1293	1293	484	484	1	0	第1波开始！
1311	1	01qld223	1	1293	1293	484	484	1	0	第1波开始！
1312	1	01qld233	1	1293	1293	484	484	1	0	第1波开始！
										
1300	0	01qld110	2	807	807	483	483	2	0	第2波开始！
1301	0	01qld120	2	807	807	483	483	2	0	第2波开始！
1302	0	01qld130	2	807	807	483	483	2	0	第2波开始！
1303	0	01qld140	2	807	807	483	483	2	0	第2波开始！
1304	0	01qld150	2	807	807	483	483	2	0	第2波开始！
1305	0	01qld160	2	807	807	483	483	2	0	第2波开始！
1306	0	01qld170	2	807	807	483	483	2	0	第2波开始！
1307	0	01qld180	2	807	807	483	483	2	0	第2波开始！
1308	0	01qld190	2	807	807	483	483	2	0	第2波开始！
1309	0	01qld200	2	807	807	483	483	2	0	第2波开始！
1310	0	01qld210	2	807	807	483	483	2	0	第2波开始！
1311	0	01qld220	2	807	807	483	483	2	0	第2波开始！
1312	0	01qld230	2	807	807	483	483	2	0	第2波开始！
										
1300	0	01qld111	2	1005	1005	341	341	3	0	第3波开始！
1301	0	01qld121	2	1005	1005	341	341	3	0	第3波开始！
1302	0	01qld131	2	1005	1005	341	341	3	0	第3波开始！
1303	0	01qld141	2	1005	1005	341	341	3	0	第3波开始！
1304	0	01qld151	2	1005	1005	341	341	3	0	第3波开始！
1305	0	01qld161	2	1005	1005	341	341	3	0	第3波开始！
1306	0	01qld171	2	1005	1005	341	341	3	0	第3波开始！
1307	0	01qld181	2	1005	1005	341	341	3	0	第3波开始！
1308	0	01qld191	2	1005	1005	341	341	3	0	第3波开始！
1309	0	01qld201	2	1005	1005	341	341	3	0	第3波开始！
1310	0	01qld211	2	1005	1005	341	341	3	0	第3波开始！
1311	0	01qld221	2	1005	1005	341	341	3	0	第3波开始！
1312	0	01qld231	2	1005	1005	341	341	3	0	第3波开始！
										
1300	0	01qld112	2	1564	1564	427	427	4	0	最后一波！
1301	0	01qld122	2	1564	1564	427	427	4	0	最后一波！
1302	0	01qld132	2	1564	1564	427	427	4	0	最后一波！
1303	0	01qld142	2	1564	1564	427	427	4	0	最后一波！
1304	0	01qld152	2	1564	1564	427	427	4	0	最后一波！
1305	0	01qld162	2	1564	1564	427	427	4	0	最后一波！
1306	0	01qld172	2	1564	1564	427	427	4	0	最后一波！
1307	0	01qld182	2	1564	1564	427	427	4	0	最后一波！
1308	0	01qld192	2	1564	1564	427	427	4	0	最后一波！
1309	0	01qld202	2	1564	1564	427	427	4	0	最后一波！
1310	0	01qld212	2	1564	1564	427	427	4	0	最后一波！
1311	0	01qld222	2	1564	1564	427	427	4	0	最后一波！
1312	0	01qld232	2	1564	1564	427	427	4	0	最后一波！
										
1300	0	01qld110	2	1282	1282	702	702	2	0	
1301	0	01qld120	2	1282	1282	702	702	2	0	
1302	0	01qld130	2	1282	1282	702	702	2	0	
1303	0	01qld140	2	1282	1282	702	702	2	0	
1304	0	01qld150	2	1282	1282	702	702	2	0	
1305	0	01qld160	2	1282	1282	702	702	2	0	
1306	0	01qld170	2	1282	1282	702	702	2	0	
1307	0	01qld180	2	1282	1282	702	702	2	0	
1308	0	01qld190	2	1282	1282	702	702	2	0	
1309	0	01qld200	2	1282	1282	702	702	2	0	
1310	0	01qld210	2	1282	1282	702	702	2	0	
1311	0	01qld220	2	1282	1282	702	702	2	0	
1312	0	01qld230	2	1282	1282	702	702	2	0	
										
1300	0	01qld111	2	1576	1576	334	334	3	0	
1301	0	01qld121	2	1576	1576	334	334	3	0	
1302	0	01qld131	2	1576	1576	334	334	3	0	
1303	0	01qld141	2	1576	1576	334	334	3	0	
1304	0	01qld151	2	1576	1576	334	334	3	0	
1305	0	01qld161	2	1576	1576	334	334	3	0	
1306	0	01qld171	2	1576	1576	334	334	3	0	
1307	0	01qld181	2	1576	1576	334	334	3	0	
1308	0	01qld191	2	1576	1576	334	334	3	0	
1309	0	01qld201	2	1576	1576	334	334	3	0	
1310	0	01qld211	2	1576	1576	334	334	3	0	
1311	0	01qld221	2	1576	1576	334	334	3	0	
1312	0	01qld231	2	1576	1576	334	334	3	0	
										
1300	0	01qld112	2	1412	1412	355	355	4	0	
1301	0	01qld122	2	1412	1412	355	355	4	0	
1302	0	01qld132	2	1412	1412	355	355	4	0	
1303	0	01qld142	2	1412	1412	355	355	4	0	
1304	0	01qld152	2	1412	1412	355	355	4	0	
1305	0	01qld162	2	1412	1412	355	355	4	0	
1306	0	01qld172	2	1412	1412	355	355	4	0	
1307	0	01qld182	2	1412	1412	355	355	4	0	
1308	0	01qld192	2	1412	1412	355	355	4	0	
1309	0	01qld202	2	1412	1412	355	355	4	0	
1310	0	01qld212	2	1412	1412	355	355	4	0	
1311	0	01qld222	2	1412	1412	355	355	4	0	
1312	0	01qld232	2	1412	1412	355	355	4	0	
										
										
										
1200	0	01bgd110	1	620	620	569	569	1	0	第1波开始！
1200	0	01bgd120	1	620	620	569	569	2	0	第2波开始！
1200	0	01bgd130	1	620	620	569	569	3	0	第3波开始！
1200	0	01bgd140	1	620	620	569	569	4	0	第4波开始！
1200	0	01bgd200	1	620	620	569	569	5	0	最后一波！
1200	0	01bgd121	1	659	659	499	499	2	0	
1200	0	01bgd141	1	659	659	499	499	4	0	
1200	0	01bgd201	1	659	659	499	499	5	0	
1200	0	01bgd202	1	659	659	499	499	5	0	
1200	0	01bgd121	1	460	460	576	576	2	0	
1200	0	01bgd141	1	460	460	576	576	4	0	
1200	0	01bgd201	1	460	460	576	576	5	0	
1200	0	01bgd202	1	460	460	576	576	5	0	
										
										
1201	0	01bgd210	1	620	620	569	569	1	0	第1波开始！
1201	0	01bgd220	1	620	620	569	569	2	0	第2波开始！
1201	0	01bgd230	1	620	620	569	569	3	0	第3波开始！
1201	0	01bgd240	1	620	620	569	569	4	0	第4波开始！
1201	0	01bgd300	1	620	620	569	569	5	0	最后一波！
1201	0	01bgd221	1	659	659	499	499	2	0	
1201	0	01bgd241	1	659	659	499	499	4	0	
1201	0	01bgd301	2	659	659	499	499	5	0	
1201	0	01bgd302	2	659	659	499	499	5	0	
1201	0	01bgd221	1	460	460	576	576	2	0	
1201	0	01bgd241	1	460	460	576	576	4	0	
1201	0	01bgd301	2	460	460	576	576	5	0	
1201	0	01bgd302	2	460	460	576	576	5	0	
										
										
1202	0	01bgd310	1	620	620	569	569	1	0	第1波开始！
1202	0	01bgd320	1	620	620	569	569	2	0	第2波开始！
1202	0	01bgd330	1	620	620	569	569	3	0	第3波开始！
1202	0	01bgd340	1	620	620	569	569	4	0	第4波开始！
1202	0	01bgd400	1	620	620	569	569	5	0	最后一波！
1202	0	01bgd321	1	659	659	499	499	2	0	
1202	0	01bgd341	1	659	659	499	499	4	0	
1202	0	01bgd401	1	659	659	499	499	5	0	
1202	0	01bgd402	1	659	659	499	499	5	0	
1202	0	01bgd321	1	460	460	576	576	2	0	
1202	0	01bgd341	1	460	460	576	576	4	0	
1202	0	01bgd401	1	460	460	576	576	5	0	
1202	0	01bgd402	1	460	460	576	576	5	0	
										
										
1203	0	01bgd410	1	620	620	569	569	1	0	第1波开始！
1203	0	01bgd420	1	620	620	569	569	2	0	第2波开始！
1203	0	01bgd430	1	620	620	569	569	3	0	第3波开始！
1203	0	01bgd440	1	620	620	569	569	4	0	第4波开始！
1203	0	01bgd500	1	620	620	569	569	5	0	最后一波！
1203	0	01bgd421	1	659	659	499	499	2	0	
1203	0	01bgd441	1	659	659	499	499	4	0	
1203	0	01bgd501	1	659	659	499	499	5	0	
1203	0	01bgd502	1	659	659	499	499	5	0	
1203	0	01bgd421	1	460	460	576	576	2	0	
1203	0	01bgd441	1	460	460	576	576	4	0	
1203	0	01bgd501	1	460	460	576	576	5	0	
1203	0	01bgd502	1	460	460	576	576	5	0	
										
										
1204	0	01bgd510	1	620	620	569	569	1	0	第1波开始！
1204	0	01bgd520	1	620	620	569	569	2	0	第2波开始！
1204	0	01bgd530	1	620	620	569	569	3	0	第3波开始！
1204	0	01bgd540	1	620	620	569	569	4	0	第4波开始！
1204	0	01bgd600	1	620	620	569	569	5	0	最后一波！
1204	0	01bgd521	1	659	659	499	499	2	0	
1204	0	01bgd541	1	659	659	499	499	4	0	
1204	0	01bgd601	1	659	659	499	499	5	0	
1204	0	01bgd602	1	659	659	499	499	5	0	
1204	0	01bgd521	1	460	460	576	576	2	0	
1204	0	01bgd541	1	460	460	576	576	4	0	
1204	0	01bgd601	1	460	460	576	576	5	0	
1204	0	01bgd602	1	460	460	576	576	5	0	
										
										
1205	0	01bgd610	1	620	620	569	569	1	0	第1波开始！
1205	0	01bgd620	1	620	620	569	569	2	0	第2波开始！
1205	0	01bgd630	1	620	620	569	569	3	0	第3波开始！
1205	0	01bgd640	1	620	620	569	569	4	0	第4波开始！
1205	0	01bgd700	1	620	620	569	569	5	0	最后一波！
1205	0	01bgd621	1	659	659	499	499	2	0	
1205	0	01bgd641	1	659	659	499	499	4	0	
1205	0	01bgd701	1	659	659	499	499	5	0	
1205	0	01bgd702	1	659	659	499	499	5	0	
1205	0	01bgd621	1	460	460	576	576	2	0	
1205	0	01bgd641	1	460	460	576	576	4	0	
1205	0	01bgd701	1	460	460	576	576	5	0	
1205	0	01bgd702	1	460	460	576	576	5	0	
										
										
1206	0	01bgd710	1	620	620	569	569	1	0	第1波开始！
1206	0	01bgd720	1	620	620	569	569	2	0	第2波开始！
1206	0	01bgd730	1	620	620	569	569	3	0	第3波开始！
1206	0	01bgd740	1	620	620	569	569	4	0	第4波开始！
1206	0	01bgd800	1	620	620	569	569	5	0	最后一波！
1206	0	01bgd721	1	659	659	499	499	2	0	
1206	0	01bgd741	1	659	659	499	499	4	0	
1206	0	01bgd801	1	659	659	499	499	5	0	
1206	0	01bgd802	1	659	659	499	499	5	0	
1206	0	01bgd721	1	460	460	576	576	2	0	
1206	0	01bgd741	1	460	460	576	576	4	0	
1206	0	01bgd801	1	460	460	576	576	5	0	
1206	0	01bgd802	1	460	460	576	576	5	0	
										
										
1207	0	01bgd810	1	620	620	569	569	1	0	第1波开始！
1207	0	01bgd820	1	620	620	569	569	2	0	第2波开始！
1207	0	01bgd830	1	620	620	569	569	3	0	第3波开始！
1207	0	01bgd840	1	620	620	569	569	4	0	第4波开始！
1207	0	01bgd900	1	620	620	569	569	5	0	最后一波！
1207	0	01bgd821	1	659	659	499	499	2	0	
1207	0	01bgd841	1	659	659	499	499	4	0	
1207	0	01bgd901	2	659	659	499	499	5	0	
1207	0	01bgd902	2	659	659	499	499	5	0	
1207	0	01bgd821	1	460	460	576	576	2	0	
1207	0	01bgd841	1	460	460	576	576	4	0	
1207	0	01bgd901	1	460	460	576	576	5	0	
1207	0	01bgd902	1	460	460	576	576	5	0	
										
										
1208	0	01bgd910	1	620	620	569	569	1	0	第1波开始！
1208	0	01bgd920	1	620	620	569	569	2	0	第2波开始！
1208	0	01bgd930	1	620	620	569	569	3	0	第3波开始！
1208	0	01bgd940	1	620	620	569	569	4	0	第4波开始！
1208	0	01bgd1000	1	620	620	569	569	5	0	最后一波！
1208	0	01bgd921	1	659	659	499	499	2	0	
1208	0	01bgd941	1	659	659	499	499	4	0	
1208	0	01bgd1001	1	659	659	499	499	5	0	
1208	0	01bgd1002	1	659	659	499	499	5	0	
1208	0	01bgd921	1	460	460	576	576	2	0	
1208	0	01bgd941	1	460	460	576	576	4	0	
1208	0	01bgd1001	1	460	460	576	576	5	0	
1208	0	01bgd1002	1	460	460	576	576	5	0	
										
										
1209	0	01bgd1010	1	620	620	569	569	1	0	第1波开始！
1209	0	01bgd1020	1	620	620	569	569	2	0	第2波开始！
1209	0	01bgd1030	1	620	620	569	569	3	0	第3波开始！
1209	0	01bgd1040	1	620	620	569	569	4	0	第4波开始！
1209	0	01bgd1100	1	620	620	569	569	5	0	最后一波！
1209	0	01bgd1012	1	659	659	499	499	2	0	
1209	0	01bgd1041	1	659	659	499	499	4	0	
1209	0	01bgd1101	1	659	659	499	499	5	0	
1209	0	01bgd1102	1	659	659	499	499	5	0	
1209	0	01bgd1012	1	460	460	576	576	2	0	
1209	0	01bgd1041	1	460	460	576	576	4	0	
1209	0	01bgd1101	1	460	460	576	576	5	0	
1209	0	01bgd1102	1	460	460	576	576	5	0	
										
										
1210	0	01bgd1110	1	620	620	569	569	1	0	第1波开始！
1210	0	01bgd1120	1	620	620	569	569	2	0	第2波开始！
1210	0	01bgd1130	1	620	620	569	569	3	0	第3波开始！
1210	0	01bgd1140	1	620	620	569	569	4	0	第4波开始！
1210	0	01bgd1200	1	620	620	569	569	5	0	最后一波！
1210	0	01bgd1111	1	659	659	499	499	2	0	
1210	0	01bgd1141	1	659	659	499	499	4	0	
1210	0	01bgd1201	2	659	659	499	499	5	0	
1210	0	01bgd1202	2	659	659	499	499	5	0	
1210	0	01bgd1111	1	460	460	576	576	2	0	
1210	0	01bgd1141	1	460	460	576	576	4	0	
1210	0	01bgd1201	1	460	460	576	576	5	0	
1210	0	01bgd1202	1	460	460	576	576	5	0	
										
										
1211	0	01bgd1210	1	620	620	569	569	1	0	第1波开始！
1211	0	01bgd1220	1	620	620	569	569	2	0	第2波开始！
1211	0	01bgd1230	1	620	620	569	569	3	0	第3波开始！
1211	0	01bgd1240	1	620	620	569	569	4	0	第4波开始！
1211	0	01bgd1300	1	620	620	569	569	5	0	最后一波！
1211	0	01bgd1221	1	659	659	499	499	2	0	
1211	0	01bgd1241	1	659	659	499	499	4	0	
1211	0	01bgd1301	1	659	659	499	499	5	0	
1211	0	01bgd1302	1	659	659	499	499	5	0	
1211	0	01bgd1221	1	460	460	576	576	2	0	
1211	0	01bgd1241	1	460	460	576	576	4	0	
1211	0	01bgd1301	1	460	460	576	576	5	0	
1211	0	01bgd1302	1	460	460	576	576	5	0	
										
										
1212	0	01bgd1310	1	620	620	569	569	1	0	第1波开始！
1212	0	01bgd1320	1	620	620	569	569	2	0	第2波开始！
1212	0	01bgd1330	1	620	620	569	569	3	0	第3波开始！
1212	0	01bgd1340	1	620	620	569	569	4	0	第4波开始！
1212	0	01bgd1400	1	620	620	569	569	5	0	最后一波！
1212	0	01bgd1321	1	659	659	499	499	2	0	
1212	0	01bgd1341	1	659	659	499	499	4	0	
1212	0	01bgd1401	1	659	659	499	499	5	0	
1212	0	01bgd1402	1	659	659	499	499	5	0	
1212	0	01bgd1321	1	460	460	576	576	2	0	
1212	0	01bgd1341	1	460	460	576	576	4	0	
1212	0	01bgd1401	1	460	460	576	576	5	0	
1212	0	01bgd1402	1	460	460	576	576	5	0	
										
										
1400	0	01bdqx001	2	500	772	230	388	1	0	第1波开始！
1400	0	01bdqx002	2	500	772	230	388	2	0	第2波开始！
1400	0	01bdqx003	2	500	772	230	388	3	0	第3波开始！
1400	0	01bdqx004	2	500	772	230	388	4	0	第4波开始！
1400	0	01bdqx005	2	500	772	230	388	5	0	第5波开始！
1400	0	01bdqx006	3	500	772	230	388	6	0	第6波开始！
1400	0	01bdqx007	3	500	772	230	388	7	0	第7波开始！
1400	0	01bdqx008	3	500	772	230	388	8	0	第8波开始！
1400	0	01bdqx009	3	500	772	230	388	9	0	第9波开始！
1400	0	01bdqx010	3	500	772	230	388	10	0	第10波开始！
1400	0	01bdqx011	4	500	772	230	388	11	0	第11波开始！
1400	0	01bdqx012	4	500	772	230	388	12	0	第12波开始！
1400	0	01bdqx013	4	500	772	230	388	13	0	第13波开始！
1400	0	01bdqx014	4	500	772	230	388	14	0	第14波开始！
1400	0	01bdqx015	4	500	772	230	388	15	0	第15波开始！
1400	0	01bdqx016	5	500	772	230	388	16	0	第16波开始！
1400	0	01bdqx017	5	500	772	230	388	17	0	第17波开始！
1400	0	01bdqx018	5	500	772	230	388	18	0	第18波开始！
1400	0	01bdqx019	5	500	772	230	388	19	0	第19波开始！
1400	0	01bdqx020	5	500	772	230	388	20	0	第20波开始！
1400	0	01bdqx021	6	500	772	230	388	21	0	第21波开始！
1400	0	01bdqx022	6	500	772	230	388	22	0	第22波开始！
1400	0	01bdqx023	6	500	772	230	388	23	0	第23波开始！
1400	0	01bdqx024	6	500	772	230	388	24	0	第24波开始！
1400	0	01bdqx025	6	500	772	230	388	25	0	第25波开始！
1400	0	01bdqx026	7	500	772	230	388	26	0	第26波开始！
1400	0	01bdqx027	7	500	772	230	388	27	0	第27波开始！
1400	0	01bdqx028	7	500	772	230	388	28	0	第28波开始！
1400	0	01bdqx029	7	500	772	230	388	29	0	第29波开始！
1400	0	01bdqx030	7	500	772	230	388	30	0	第30波开始！
1400	0	01bdqx031	8	500	772	230	388	31	0	第31波开始！
1400	0	01bdqx032	8	500	772	230	388	32	0	第32波开始！
1400	0	01bdqx033	8	500	772	230	388	33	0	第33波开始！
1400	0	01bdqx034	8	500	772	230	388	34	0	第34波开始！
1400	0	01bdqx035	8	500	772	230	388	35	0	第35波开始！
1400	0	01bdqx036	8	500	772	230	388	36	0	第36波开始！
1400	0	01bdqx037	8	500	772	230	388	37	0	第37波开始！
1400	0	01bdqx038	8	500	772	230	388	38	0	第38波开始！
1400	0	01bdqx039	8	500	772	230	388	39	0	第39波开始！
1400	0	01bdqx040	8	500	772	230	388	40	0	第40波开始！
1400	0	01bdqx041	8	500	772	230	388	41	0	第41波开始！
1400	0	01bdqx042	8	500	772	230	388	42	0	第42波开始！
1400	0	01bdqx043	8	500	772	230	388	43	0	第43波开始！
1400	0	01bdqx044	8	500	772	230	388	44	0	第44波开始！
1400	0	01bdqx045	8	500	772	230	388	45	0	第45波开始！
1400	0	01bdqx046	8	500	772	230	388	46	0	第46波开始！
1400	0	01bdqx047	8	500	772	230	388	47	0	第47波开始！
1400	0	01bdqx048	8	500	772	230	388	48	0	第48波开始！
1400	0	01bdqx049	8	500	772	230	388	49	0	第49波开始！
1400	0	01bdqx050	8	500	772	230	388	50	0	第50波开始！
1400	0	01bdqx051	8	500	772	230	388	51	0	第51波开始！
1400	0	01bdqx052	8	500	772	230	388	52	0	第52波开始！
1400	0	01bdqx053	8	500	772	230	388	53	0	第53波开始！
1400	0	01bdqx054	8	500	772	230	388	54	0	第54波开始！
1400	0	01bdqx055	8	500	772	230	388	55	0	第55波开始！
1400	0	01bdqx056	8	500	772	230	388	56	0	第56波开始！
1400	0	01bdqx057	8	500	772	230	388	57	0	第57波开始！
1400	0	01bdqx058	8	500	772	230	388	58	0	第58波开始！
1400	0	01bdqx059	8	500	772	230	388	59	0	第59波开始！
1400	0	01bdqx060	8	500	772	230	388	60	0	第60波开始！
1400	0	01bdqx061	8	500	772	230	388	61	0	第61波开始！
1400	0	01bdqx062	8	500	772	230	388	62	0	第62波开始！
1400	0	01bdqx063	8	500	772	230	388	63	0	第63波开始！
1400	0	01bdqx064	8	500	772	230	388	64	0	第64波开始！
1400	0	01bdqx065	8	500	772	230	388	65	0	第65波开始！
1400	0	01bdqx066	8	500	772	230	388	66	0	第66波开始！
1400	0	01bdqx067	8	500	772	230	388	67	0	第67波开始！
1400	0	01bdqx068	8	500	772	230	388	68	0	第68波开始！
1400	0	01bdqx069	8	500	772	230	388	69	0	第69波开始！
1400	0	01bdqx070	8	500	772	230	388	70	0	第70波开始！
1400	0	01bdqx071	8	500	772	230	388	71	0	第71波开始！
1400	0	01bdqx072	8	500	772	230	388	72	0	第72波开始！
1400	0	01bdqx073	8	500	772	230	388	73	0	第73波开始！
1400	0	01bdqx074	8	500	772	230	388	74	0	第74波开始！
1400	0	01bdqx075	8	500	772	230	388	75	0	第75波开始！
1400	0	01bdqx076	8	500	772	230	388	76	0	第76波开始！
1400	0	01bdqx077	8	500	772	230	388	77	0	第77波开始！
1400	0	01bdqx078	8	500	772	230	388	78	0	第78波开始！
1400	0	01bdqx079	8	500	772	230	388	79	0	第79波开始！
1400	0	01bdqx080	8	500	772	230	388	80	0	最后一波！
										
1400	0	01bdqx001	2	763	1035	841	970	1	0	
1400	0	01bdqx002	2	763	1035	841	970	2	0	
1400	0	01bdqx003	2	763	1035	841	970	3	0	
1400	0	01bdqx004	2	763	1035	841	970	4	0	
1400	0	01bdqx005	2	763	1035	841	970	5	0	
1400	0	01bdqx006	3	763	1035	841	970	6	0	
1400	0	01bdqx007	3	763	1035	841	970	7	0	
1400	0	01bdqx008	3	763	1035	841	970	8	0	
1400	0	01bdqx009	3	763	1035	841	970	9	0	
1400	0	01bdqx010	3	763	1035	841	970	10	0	
1400	0	01bdqx011	4	763	1035	841	970	11	0	
1400	0	01bdqx012	4	763	1035	841	970	12	0	
1400	0	01bdqx013	4	763	1035	841	970	13	0	
1400	0	01bdqx014	4	763	1035	841	970	14	0	
1400	0	01bdqx015	4	763	1035	841	970	15	0	
1400	0	01bdqx016	5	763	1035	841	970	16	0	
1400	0	01bdqx017	5	763	1035	841	970	17	0	
1400	0	01bdqx018	5	763	1035	841	970	18	0	
1400	0	01bdqx019	5	763	1035	841	970	19	0	
1400	0	01bdqx020	5	763	1035	841	970	20	0	
1400	0	01bdqx021	6	763	1035	841	970	21	0	
1400	0	01bdqx022	6	763	1035	841	970	22	0	
1400	0	01bdqx023	6	763	1035	841	970	23	0	
1400	0	01bdqx024	6	763	1035	841	970	24	0	
1400	0	01bdqx025	6	763	1035	841	970	25	0	
1400	0	01bdqx026	7	763	1035	841	970	26	0	
1400	0	01bdqx027	7	763	1035	841	970	27	0	
1400	0	01bdqx028	7	763	1035	841	970	28	0	
1400	0	01bdqx029	7	763	1035	841	970	29	0	
1400	0	01bdqx030	7	763	1035	841	970	30	0	
1400	0	01bdqx031	8	763	1035	841	970	31	0	
1400	0	01bdqx032	8	763	1035	841	970	32	0	
1400	0	01bdqx033	8	763	1035	841	970	33	0	
1400	0	01bdqx034	8	763	1035	841	970	34	0	
1400	0	01bdqx035	8	763	1035	841	970	35	0	
1400	0	01bdqx036	8	763	1035	841	970	36	0	
1400	0	01bdqx037	8	763	1035	841	970	37	0	
1400	0	01bdqx038	8	763	1035	841	970	38	0	
1400	0	01bdqx039	8	763	1035	841	970	39	0	
1400	0	01bdqx040	8	763	1035	841	970	40	0	
1400	0	01bdqx041	8	763	1035	841	970	41	0	
1400	0	01bdqx042	8	763	1035	841	970	42	0	
1400	0	01bdqx043	8	763	1035	841	970	43	0	
1400	0	01bdqx044	8	763	1035	841	970	44	0	
1400	0	01bdqx045	8	763	1035	841	970	45	0	
1400	0	01bdqx046	8	763	1035	841	970	46	0	
1400	0	01bdqx047	8	763	1035	841	970	47	0	
1400	0	01bdqx048	8	763	1035	841	970	48	0	
1400	0	01bdqx049	8	763	1035	841	970	49	0	
1400	0	01bdqx050	8	763	1035	841	970	50	0	
1400	0	01bdqx051	8	763	1035	841	970	51	0	
1400	0	01bdqx052	8	763	1035	841	970	52	0	
1400	0	01bdqx053	8	763	1035	841	970	53	0	
1400	0	01bdqx054	8	763	1035	841	970	54	0	
1400	0	01bdqx055	8	763	1035	841	970	55	0	
1400	0	01bdqx056	8	763	1035	841	970	56	0	
1400	0	01bdqx057	8	763	1035	841	970	57	0	
1400	0	01bdqx058	8	763	1035	841	970	58	0	
1400	0	01bdqx059	8	763	1035	841	970	59	0	
1400	0	01bdqx060	8	763	1035	841	970	60	0	
1400	0	01bdqx061	8	763	1035	841	970	61	0	
1400	0	01bdqx062	8	763	1035	841	970	62	0	
1400	0	01bdqx063	8	763	1035	841	970	63	0	
1400	0	01bdqx064	8	763	1035	841	970	64	0	
1400	0	01bdqx065	8	763	1035	841	970	65	0	
1400	0	01bdqx066	8	763	1035	841	970	66	0	
1400	0	01bdqx067	8	763	1035	841	970	67	0	
1400	0	01bdqx068	8	763	1035	841	970	68	0	
1400	0	01bdqx069	8	763	1035	841	970	69	0	
1400	0	01bdqx070	8	763	1035	841	970	70	0	
1400	0	01bdqx071	8	763	1035	841	970	71	0	
1400	0	01bdqx072	8	763	1035	841	970	72	0	
1400	0	01bdqx073	8	763	1035	841	970	73	0	
1400	0	01bdqx074	8	763	1035	841	970	74	0	
1400	0	01bdqx075	8	763	1035	841	970	75	0	
1400	0	01bdqx076	8	763	1035	841	970	76	0	
1400	0	01bdqx077	8	763	1035	841	970	77	0	
1400	0	01bdqx078	8	763	1035	841	970	78	0	
1400	0	01bdqx079	8	763	1035	841	970	79	0	
1400	0	01bdqx080	8	763	1035	841	970	80	0	
										
1400	0	01bdqx001	2	65	349	452	635	1	0	
1400	0	01bdqx002	2	65	349	452	635	2	0	
1400	0	01bdqx003	2	65	349	452	635	3	0	
1400	0	01bdqx004	2	65	349	452	635	4	0	
1400	0	01bdqx005	2	65	349	452	635	5	0	
1400	0	01bdqx006	3	65	349	452	635	6	0	
1400	0	01bdqx007	3	65	349	452	635	7	0	
1400	0	01bdqx008	3	65	349	452	635	8	0	
1400	0	01bdqx009	3	65	349	452	635	9	0	
1400	0	01bdqx010	3	65	349	452	635	10	0	
1400	0	01bdqx011	4	65	349	452	635	11	0	
1400	0	01bdqx012	4	65	349	452	635	12	0	
1400	0	01bdqx013	4	65	349	452	635	13	0	
1400	0	01bdqx014	4	65	349	452	635	14	0	
1400	0	01bdqx015	4	65	349	452	635	15	0	
1400	0	01bdqx016	5	65	349	452	635	16	0	
1400	0	01bdqx017	5	65	349	452	635	17	0	
1400	0	01bdqx018	5	65	349	452	635	18	0	
1400	0	01bdqx019	5	65	349	452	635	19	0	
1400	0	01bdqx020	5	65	349	452	635	20	0	
1400	0	01bdqx021	6	65	349	452	635	21	0	
1400	0	01bdqx022	6	65	349	452	635	22	0	
1400	0	01bdqx023	6	65	349	452	635	23	0	
1400	0	01bdqx024	6	65	349	452	635	24	0	
1400	0	01bdqx025	6	65	349	452	635	25	0	
1400	0	01bdqx026	7	65	349	452	635	26	0	
1400	0	01bdqx027	7	65	349	452	635	27	0	
1400	0	01bdqx028	7	65	349	452	635	28	0	
1400	0	01bdqx029	7	65	349	452	635	29	0	
1400	0	01bdqx030	7	65	349	452	635	30	0	
1400	0	01bdqx031	8	65	349	452	635	31	0	
1400	0	01bdqx032	8	65	349	452	635	32	0	
1400	0	01bdqx033	8	65	349	452	635	33	0	
1400	0	01bdqx034	8	65	349	452	635	34	0	
1400	0	01bdqx035	8	65	349	452	635	35	0	
1400	0	01bdqx036	8	65	349	452	635	36	0	
1400	0	01bdqx037	8	65	349	452	635	37	0	
1400	0	01bdqx038	8	65	349	452	635	38	0	
1400	0	01bdqx039	8	65	349	452	635	39	0	
1400	0	01bdqx040	8	65	349	452	635	40	0	
1400	0	01bdqx041	8	65	349	452	635	41	0	
1400	0	01bdqx042	8	65	349	452	635	42	0	
1400	0	01bdqx043	8	65	349	452	635	43	0	
1400	0	01bdqx044	8	65	349	452	635	44	0	
1400	0	01bdqx045	8	65	349	452	635	45	0	
1400	0	01bdqx046	8	65	349	452	635	46	0	
1400	0	01bdqx047	8	65	349	452	635	47	0	
1400	0	01bdqx048	8	65	349	452	635	48	0	
1400	0	01bdqx049	8	65	349	452	635	49	0	
1400	0	01bdqx050	8	65	349	452	635	50	0	
1400	0	01bdqx051	8	65	349	452	635	51	0	
1400	0	01bdqx052	8	65	349	452	635	52	0	
1400	0	01bdqx053	8	65	349	452	635	53	0	
1400	0	01bdqx054	8	65	349	452	635	54	0	
1400	0	01bdqx055	8	65	349	452	635	55	0	
1400	0	01bdqx056	8	65	349	452	635	56	0	
1400	0	01bdqx057	8	65	349	452	635	57	0	
1400	0	01bdqx058	8	65	349	452	635	58	0	
1400	0	01bdqx059	8	65	349	452	635	59	0	
1400	0	01bdqx060	8	65	349	452	635	60	0	
1400	0	01bdqx061	8	65	349	452	635	61	0	
1400	0	01bdqx062	8	65	349	452	635	62	0	
1400	0	01bdqx063	8	65	349	452	635	63	0	
1400	0	01bdqx064	8	65	349	452	635	64	0	
1400	0	01bdqx065	8	65	349	452	635	65	0	
1400	0	01bdqx066	8	65	349	452	635	66	0	
1400	0	01bdqx067	8	65	349	452	635	67	0	
1400	0	01bdqx068	8	65	349	452	635	68	0	
1400	0	01bdqx069	8	65	349	452	635	69	0	
1400	0	01bdqx070	8	65	349	452	635	70	0	
1400	0	01bdqx071	8	65	349	452	635	71	0	
1400	0	01bdqx072	8	65	349	452	635	72	0	
1400	0	01bdqx073	8	65	349	452	635	73	0	
1400	0	01bdqx074	8	65	349	452	635	74	0	
1400	0	01bdqx075	8	65	349	452	635	75	0	
1400	0	01bdqx076	8	65	349	452	635	76	0	
1400	0	01bdqx077	8	65	349	452	635	77	0	
1400	0	01bdqx078	8	65	349	452	635	78	0	
1400	0	01bdqx079	8	65	349	452	635	79	0	
1400	0	01bdqx080	8	65	349	452	635	80	0	
										
1400	0	01bdqx001	2	1200	1436	600	765	1	0	
1400	0	01bdqx002	2	1200	1436	600	765	2	0	
1400	0	01bdqx003	2	1200	1436	600	765	3	0	
1400	0	01bdqx004	2	1200	1436	600	765	4	0	
1400	0	01bdqx005	2	1200	1436	600	765	5	0	
1400	0	01bdqx006	3	1200	1436	600	765	6	0	
1400	0	01bdqx007	3	1200	1436	600	765	7	0	
1400	0	01bdqx008	3	1200	1436	600	765	8	0	
1400	0	01bdqx009	3	1200	1436	600	765	9	0	
1400	0	01bdqx010	3	1200	1436	600	765	10	0	
1400	0	01bdqx011	4	1200	1436	600	765	11	0	
1400	0	01bdqx012	4	1200	1436	600	765	12	0	
1400	0	01bdqx013	4	1200	1436	600	765	13	0	
1400	0	01bdqx014	4	1200	1436	600	765	14	0	
1400	0	01bdqx015	4	1200	1436	600	765	15	0	
1400	0	01bdqx016	5	1200	1436	600	765	16	0	
1400	0	01bdqx017	5	1200	1436	600	765	17	0	
1400	0	01bdqx018	5	1200	1436	600	765	18	0	
1400	0	01bdqx019	5	1200	1436	600	765	19	0	
1400	0	01bdqx020	5	1200	1436	600	765	20	0	
1400	0	01bdqx021	6	1200	1436	600	765	21	0	
1400	0	01bdqx022	6	1200	1436	600	765	22	0	
1400	0	01bdqx023	6	1200	1436	600	765	23	0	
1400	0	01bdqx024	6	1200	1436	600	765	24	0	
1400	0	01bdqx025	6	1200	1436	600	765	25	0	
1400	0	01bdqx026	7	1200	1436	600	765	26	0	
1400	0	01bdqx027	7	1200	1436	600	765	27	0	
1400	0	01bdqx028	7	1200	1436	600	765	28	0	
1400	0	01bdqx029	7	1200	1436	600	765	29	0	
1400	0	01bdqx030	7	1200	1436	600	765	30	0	
1400	0	01bdqx031	8	1200	1436	600	765	31	0	
1400	0	01bdqx032	8	1200	1436	600	765	32	0	
1400	0	01bdqx033	8	1200	1436	600	765	33	0	
1400	0	01bdqx034	8	1200	1436	600	765	34	0	
1400	0	01bdqx035	8	1200	1436	600	765	35	0	
1400	0	01bdqx036	8	1200	1436	600	765	36	0	
1400	0	01bdqx037	8	1200	1436	600	765	37	0	
1400	0	01bdqx038	8	1200	1436	600	765	38	0	
1400	0	01bdqx039	8	1200	1436	600	765	39	0	
1400	0	01bdqx040	8	1200	1436	600	765	40	0	
1400	0	01bdqx041	8	1200	1436	600	765	41	0	
1400	0	01bdqx042	8	1200	1436	600	765	42	0	
1400	0	01bdqx043	8	1200	1436	600	765	43	0	
1400	0	01bdqx044	8	1200	1436	600	765	44	0	
1400	0	01bdqx045	8	1200	1436	600	765	45	0	
1400	0	01bdqx046	8	1200	1436	600	765	46	0	
1400	0	01bdqx047	8	1200	1436	600	765	47	0	
1400	0	01bdqx048	8	1200	1436	600	765	48	0	
1400	0	01bdqx049	8	1200	1436	600	765	49	0	
1400	0	01bdqx050	8	1200	1436	600	765	50	0	
1400	0	01bdqx051	8	1200	1436	600	765	51	0	
1400	0	01bdqx052	8	1200	1436	600	765	52	0	
1400	0	01bdqx053	8	1200	1436	600	765	53	0	
1400	0	01bdqx054	8	1200	1436	600	765	54	0	
1400	0	01bdqx055	8	1200	1436	600	765	55	0	
1400	0	01bdqx056	8	1200	1436	600	765	56	0	
1400	0	01bdqx057	8	1200	1436	600	765	57	0	
1400	0	01bdqx058	8	1200	1436	600	765	58	0	
1400	0	01bdqx059	8	1200	1436	600	765	59	0	
1400	0	01bdqx060	8	1200	1436	600	765	60	0	
1400	0	01bdqx061	8	1200	1436	600	765	61	0	
1400	0	01bdqx062	8	1200	1436	600	765	62	0	
1400	0	01bdqx063	8	1200	1436	600	765	63	0	
1400	0	01bdqx064	8	1200	1436	600	765	64	0	
1400	0	01bdqx065	8	1200	1436	600	765	65	0	
1400	0	01bdqx066	8	1200	1436	600	765	66	0	
1400	0	01bdqx067	8	1200	1436	600	765	67	0	
1400	0	01bdqx068	8	1200	1436	600	765	68	0	
1400	0	01bdqx069	8	1200	1436	600	765	69	0	
1400	0	01bdqx070	8	1200	1436	600	765	70	0	
1400	0	01bdqx071	8	1200	1436	600	765	71	0	
1400	0	01bdqx072	8	1200	1436	600	765	72	0	
1400	0	01bdqx073	8	1200	1436	600	765	73	0	
1400	0	01bdqx074	8	1200	1436	600	765	74	0	
1400	0	01bdqx075	8	1200	1436	600	765	75	0	
1400	0	01bdqx076	8	1200	1436	600	765	76	0	
1400	0	01bdqx077	8	1200	1436	600	765	77	0	
1400	0	01bdqx078	8	1200	1436	600	765	78	0	
1400	0	01bdqx079	8	1200	1436	600	765	79	0	
1400	0	01bdqx080	8	1200	1436	600	765	80	0	
										
										
1400	0	01bdqx100	1	782	782	635	635	5	0	装备副本BOSS 罗刹鬼王 刷新！
1400	0	01bdqx200	1	782	782	635	635	10	0	装备副本BOSS 心猿 刷新！
1400	0	01bdqx300	1	782	782	635	635	15	0	装备副本BOSS 言丹 刷新！
1400	0	01bdqx400	1	782	782	635	635	20	0	装备副本BOSS 朱雀 刷新！
1400	0	01bdqx500	1	782	782	635	635	25	0	装备副本BOSS 勾龙 刷新！
1400	0	01bdqx600	1	782	782	635	635	30	0	装备副本BOSS 蚩尤 刷新！
1400	0	01bdqx700	1	782	782	635	635	35	0	装备副本BOSS 真·罗刹鬼王 刷新！
1400	0	01bdqx800	1	782	782	635	635	40	0	装备副本BOSS 真·心猿 刷新！
1400	0	01bdqx900	1	782	782	635	635	45	0	装备副本BOSS 真·言丹 刷新！
1400	0	01bdqx1000	1	782	782	635	635	50	0	装备副本BOSS 真·朱雀 刷新！
1400	0	01bdqx1100	1	782	782	635	635	55	0	装备副本BOSS 真·勾龙 刷新！
1400	0	01bdqx1200	1	782	782	635	635	60	0	装备副本BOSS 真·蚩尤 刷新！
1400	0	01bdqx1300	1	782	782	635	635	65	0	装备副本BOSS 逆·罗刹鬼王 刷新！
1400	0	01bdqx1400	1	782	782	635	635	70	0	装备副本BOSS 逆·心猿 刷新！
1400	0	01bdqx1500	1	782	782	635	635	75	0	装备副本BOSS 逆·言丹 刷新！
1400	0	01bdqx1600	1	782	782	635	635	80	0	装备副本BOSS 逆·朱雀 刷新！
										
										
1100	1	01kld0001	5	1025	1425	772	939	1	0	第1波开始！
1100	0	01kld0002	5	363	779	707	960	2	0	第2波开始！
1100	0	01kld0003	5	650	940	400	606	3	0	第3波开始！
1100	0	01kld0004	5	1025	1425	772	939	4	0	第4波开始！
1100	0	01kld0005	5	363	779	707	960	5	0	第5波开始！
1100	0	01kld0006	5	650	940	400	606	6	0	第6波开始！
1100	0	01kld0007	5	1025	1425	772	939	7	0	第7波开始！
1100	0	01kld0008	5	363	779	707	960	8	0	第8波开始！
1100	0	01kld0009	5	650	940	400	606	9	0	第9波开始！
1100	0	01kld0010	5	1025	1425	772	939	10	0	第10波开始！
1100	0	01kld0011	5	363	779	707	960	11	0	第11波开始！
1100	0	01kld0012	5	650	940	400	606	12	0	第12波开始！
1100	0	01kld0013	5	1025	1425	772	939	13	0	第13波开始！
1100	0	01kld0014	5	363	779	707	960	14	0	第14波开始！
1100	0	01kld0015	5	650	940	400	606	15	0	第15波开始！
1100	0	01kld0016	5	1025	1425	772	939	16	0	第16波开始！
1100	0	01kld0017	5	363	779	707	960	17	0	第17波开始！
1100	0	01kld0018	5	650	940	400	606	18	0	第18波开始！
1100	0	01kld0019	5	1025	1425	772	939	19	0	第19波开始！
1100	0	01kld0020	5	363	779	707	960	20	0	第20波开始！
1100	0	01kld0021	5	650	940	400	606	21	0	第21波开始！
1100	0	01kld0022	5	1025	1425	772	939	22	0	第22波开始！
1100	0	01kld0023	5	363	779	707	960	23	0	第23波开始！
1100	0	01kld0024	5	650	940	400	606	24	0	第24波开始！
1100	0	01kld0025	5	1025	1425	772	939	25	0	第25波开始！
1100	0	01kld0026	5	363	779	707	960	26	0	第26波开始！
1100	0	01kld0027	5	650	940	400	606	27	0	第27波开始！
1100	0	01kld0028	5	1025	1425	772	939	28	0	第28波开始！
1100	0	01kld0029	5	363	779	707	960	29	0	第29波开始！
1100	0	01kld0030	5	650	940	400	606	30	0	最后一波！
										
										
1101	1	01kld0101	5	1025	1425	772	939	1	0	第1波开始！
1101	0	01kld0102	5	363	779	707	960	2	0	第2波开始！
1101	0	01kld0103	5	650	940	400	606	3	0	第3波开始！
1101	0	01kld0104	5	1025	1425	772	939	4	0	第4波开始！
1101	0	01kld0105	5	363	779	707	960	5	0	第5波开始！
1101	0	01kld0106	5	650	940	400	606	6	0	第6波开始！
1101	0	01kld0107	5	1025	1425	772	939	7	0	第7波开始！
1101	0	01kld0108	5	363	779	707	960	8	0	第8波开始！
1101	0	01kld0109	5	650	940	400	606	9	0	第9波开始！
1101	0	01kld0110	5	1025	1425	772	939	10	0	第10波开始！
1101	0	01kld0111	5	363	779	707	960	11	0	第11波开始！
1101	0	01kld0112	5	650	940	400	606	12	0	第12波开始！
1101	0	01kld0113	5	1025	1425	772	939	13	0	第13波开始！
1101	0	01kld0114	5	363	779	707	960	14	0	第14波开始！
1101	0	01kld0115	5	650	940	400	606	15	0	第15波开始！
1101	0	01kld0116	5	1025	1425	772	939	16	0	第16波开始！
1101	0	01kld0117	5	363	779	707	960	17	0	第17波开始！
1101	0	01kld0118	5	650	940	400	606	18	0	第18波开始！
1101	0	01kld0119	5	1025	1425	772	939	19	0	第19波开始！
1101	0	01kld0120	5	363	779	707	960	20	0	第20波开始！
1101	0	01kld0121	5	650	940	400	606	21	0	第21波开始！
1101	0	01kld0122	5	1025	1425	772	939	22	0	第22波开始！
1101	0	01kld0123	5	363	779	707	960	23	0	第23波开始！
1101	0	01kld0124	5	650	940	400	606	24	0	第24波开始！
1101	0	01kld0125	5	1025	1425	772	939	25	0	第25波开始！
1101	0	01kld0126	5	363	779	707	960	26	0	第26波开始！
1101	0	01kld0127	5	650	940	400	606	27	0	第27波开始！
1101	0	01kld0128	5	1025	1425	772	939	28	0	第28波开始！
1101	0	01kld0129	5	363	779	707	960	29	0	第29波开始！
1101	0	01kld0130	5	650	940	400	606	30	0	最后一波！
										
										
1102	1	01kld0201	5	1025	1425	772	939	1	0	第1波开始！
1102	0	01kld0202	5	363	779	707	960	2	0	第2波开始！
1102	0	01kld0203	5	650	940	400	606	3	0	第3波开始！
1102	0	01kld0204	5	1025	1425	772	939	4	0	第4波开始！
1102	0	01kld0205	5	363	779	707	960	5	0	第5波开始！
1102	0	01kld0206	5	650	940	400	606	6	0	第6波开始！
1102	0	01kld0207	5	1025	1425	772	939	7	0	第7波开始！
1102	0	01kld0208	5	363	779	707	960	8	0	第8波开始！
1102	0	01kld0209	5	650	940	400	606	9	0	第9波开始！
1102	0	01kld0210	5	1025	1425	772	939	10	0	第10波开始！
1102	0	01kld0211	5	363	779	707	960	11	0	第11波开始！
1102	0	01kld0212	5	650	940	400	606	12	0	第12波开始！
1102	0	01kld0213	5	1025	1425	772	939	13	0	第13波开始！
1102	0	01kld0214	5	363	779	707	960	14	0	第14波开始！
1102	0	01kld0215	5	650	940	400	606	15	0	第15波开始！
1102	0	01kld0216	5	1025	1425	772	939	16	0	第16波开始！
1102	0	01kld0217	5	363	779	707	960	17	0	第17波开始！
1102	0	01kld0218	5	650	940	400	606	18	0	第18波开始！
1102	0	01kld0219	5	1025	1425	772	939	19	0	第19波开始！
1102	0	01kld0220	5	363	779	707	960	20	0	第20波开始！
1102	0	01kld0221	5	650	940	400	606	21	0	第21波开始！
1102	0	01kld0222	5	1025	1425	772	939	22	0	第22波开始！
1102	0	01kld0223	5	363	779	707	960	23	0	第23波开始！
1102	0	01kld0224	5	650	940	400	606	24	0	第24波开始！
1102	0	01kld0225	5	1025	1425	772	939	25	0	第25波开始！
1102	0	01kld0226	5	363	779	707	960	26	0	第26波开始！
1102	0	01kld0227	5	650	940	400	606	27	0	第27波开始！
1102	0	01kld0228	5	1025	1425	772	939	28	0	第28波开始！
1102	0	01kld0229	5	363	779	707	960	29	0	第29波开始！
1102	0	01kld0230	5	650	940	400	606	30	0	最后一波！
										
										
1103	1	01kld0301	5	1025	1425	772	939	1	0	第1波开始！
1103	0	01kld0302	5	363	779	707	960	2	0	第2波开始！
1103	0	01kld0303	5	650	940	400	606	3	0	第3波开始！
1103	0	01kld0304	5	1025	1425	772	939	4	0	第4波开始！
1103	0	01kld0305	5	363	779	707	960	5	0	第5波开始！
1103	0	01kld0306	5	650	940	400	606	6	0	第6波开始！
1103	0	01kld0307	5	1025	1425	772	939	7	0	第7波开始！
1103	0	01kld0308	5	363	779	707	960	8	0	第8波开始！
1103	0	01kld0309	5	650	940	400	606	9	0	第9波开始！
1103	0	01kld0310	5	1025	1425	772	939	10	0	第10波开始！
1103	0	01kld0311	5	363	779	707	960	11	0	第11波开始！
1103	0	01kld0312	5	650	940	400	606	12	0	第12波开始！
1103	0	01kld0313	5	1025	1425	772	939	13	0	第13波开始！
1103	0	01kld0314	5	363	779	707	960	14	0	第14波开始！
1103	0	01kld0315	5	650	940	400	606	15	0	第15波开始！
1103	0	01kld0316	5	1025	1425	772	939	16	0	第16波开始！
1103	0	01kld0317	5	363	779	707	960	17	0	第17波开始！
1103	0	01kld0318	5	650	940	400	606	18	0	第18波开始！
1103	0	01kld0319	5	1025	1425	772	939	19	0	第19波开始！
1103	0	01kld0320	5	363	779	707	960	20	0	第20波开始！
1103	0	01kld0321	5	650	940	400	606	21	0	第21波开始！
1103	0	01kld0322	5	1025	1425	772	939	22	0	第22波开始！
1103	0	01kld0323	5	363	779	707	960	23	0	第23波开始！
1103	0	01kld0324	5	650	940	400	606	24	0	第24波开始！
1103	0	01kld0325	5	1025	1425	772	939	25	0	第25波开始！
1103	0	01kld0326	5	363	779	707	960	26	0	第26波开始！
1103	0	01kld0327	5	650	940	400	606	27	0	第27波开始！
1103	0	01kld0328	5	1025	1425	772	939	28	0	第28波开始！
1103	0	01kld0329	5	363	779	707	960	29	0	第29波开始！
1103	0	01kld0330	5	650	940	400	606	30	0	最后一波！
										
										
1104	1	01kld0401	5	1025	1425	772	939	1	0	第1波开始！
1104	0	01kld0402	5	363	779	707	960	2	0	第2波开始！
1104	0	01kld0403	5	650	940	400	606	3	0	第3波开始！
1104	0	01kld0404	5	1025	1425	772	939	4	0	第4波开始！
1104	0	01kld0405	5	363	779	707	960	5	0	第5波开始！
1104	0	01kld0406	5	650	940	400	606	6	0	第6波开始！
1104	0	01kld0407	5	1025	1425	772	939	7	0	第7波开始！
1104	0	01kld0408	5	363	779	707	960	8	0	第8波开始！
1104	0	01kld0409	5	650	940	400	606	9	0	第9波开始！
1104	0	01kld0410	5	1025	1425	772	939	10	0	第10波开始！
1104	0	01kld0411	5	363	779	707	960	11	0	第11波开始！
1104	0	01kld0412	5	650	940	400	606	12	0	第12波开始！
1104	0	01kld0413	5	1025	1425	772	939	13	0	第13波开始！
1104	0	01kld0414	5	363	779	707	960	14	0	第14波开始！
1104	0	01kld0415	5	650	940	400	606	15	0	第15波开始！
1104	0	01kld0416	5	1025	1425	772	939	16	0	第16波开始！
1104	0	01kld0417	5	363	779	707	960	17	0	第17波开始！
1104	0	01kld0418	5	650	940	400	606	18	0	第18波开始！
1104	0	01kld0419	5	1025	1425	772	939	19	0	第19波开始！
1104	0	01kld0420	5	363	779	707	960	20	0	第20波开始！
1104	0	01kld0421	5	650	940	400	606	21	0	第21波开始！
1104	0	01kld0422	5	1025	1425	772	939	22	0	第22波开始！
1104	0	01kld0423	5	363	779	707	960	23	0	第23波开始！
1104	0	01kld0424	5	650	940	400	606	24	0	第24波开始！
1104	0	01kld0425	5	1025	1425	772	939	25	0	第25波开始！
1104	0	01kld0426	5	363	779	707	960	26	0	第26波开始！
1104	0	01kld0427	5	650	940	400	606	27	0	第27波开始！
1104	0	01kld0428	5	1025	1425	772	939	28	0	第28波开始！
1104	0	01kld0429	5	363	779	707	960	29	0	第29波开始！
1104	0	01kld0430	5	650	940	400	606	30	0	最后一波！
										
										
1105	1	01kld0501	5	1025	1425	772	939	1	0	第1波开始！
1105	0	01kld0502	5	363	779	707	960	2	0	第2波开始！
1105	0	01kld0503	5	650	940	400	606	3	0	第3波开始！
1105	0	01kld0504	5	1025	1425	772	939	4	0	第4波开始！
1105	0	01kld0505	5	363	779	707	960	5	0	第5波开始！
1105	0	01kld0506	5	650	940	400	606	6	0	第6波开始！
1105	0	01kld0507	5	1025	1425	772	939	7	0	第7波开始！
1105	0	01kld0508	5	363	779	707	960	8	0	第8波开始！
1105	0	01kld0509	5	650	940	400	606	9	0	第9波开始！
1105	0	01kld0510	5	1025	1425	772	939	10	0	第10波开始！
1105	0	01kld0511	5	363	779	707	960	11	0	第11波开始！
1105	0	01kld0512	5	650	940	400	606	12	0	第12波开始！
1105	0	01kld0513	5	1025	1425	772	939	13	0	第13波开始！
1105	0	01kld0514	5	363	779	707	960	14	0	第14波开始！
1105	0	01kld0515	5	650	940	400	606	15	0	第15波开始！
1105	0	01kld0516	5	1025	1425	772	939	16	0	第16波开始！
1105	0	01kld0517	5	363	779	707	960	17	0	第17波开始！
1105	0	01kld0518	5	650	940	400	606	18	0	第18波开始！
1105	0	01kld0519	5	1025	1425	772	939	19	0	第19波开始！
1105	0	01kld0520	5	363	779	707	960	20	0	第20波开始！
1105	0	01kld0521	5	650	940	400	606	21	0	第21波开始！
1105	0	01kld0522	5	1025	1425	772	939	22	0	第22波开始！
1105	0	01kld0523	5	363	779	707	960	23	0	第23波开始！
1105	0	01kld0524	5	650	940	400	606	24	0	第24波开始！
1105	0	01kld0525	5	1025	1425	772	939	25	0	第25波开始！
1105	0	01kld0526	5	363	779	707	960	26	0	第26波开始！
1105	0	01kld0527	5	650	940	400	606	27	0	第27波开始！
1105	0	01kld0528	5	1025	1425	772	939	28	0	第28波开始！
1105	0	01kld0529	5	363	779	707	960	29	0	第29波开始！
1105	0	01kld0530	5	650	940	400	606	30	0	最后一波！
										
										
1106	1	01kld0601	5	1025	1425	772	939	1	0	第1波开始！
1106	0	01kld0602	5	363	779	707	960	2	0	第2波开始！
1106	0	01kld0603	5	650	940	400	606	3	0	第3波开始！
1106	0	01kld0604	5	1025	1425	772	939	4	0	第4波开始！
1106	0	01kld0605	5	363	779	707	960	5	0	第5波开始！
1106	0	01kld0606	5	650	940	400	606	6	0	第6波开始！
1106	0	01kld0607	5	1025	1425	772	939	7	0	第7波开始！
1106	0	01kld0608	5	363	779	707	960	8	0	第8波开始！
1106	0	01kld0609	5	650	940	400	606	9	0	第9波开始！
1106	0	01kld0610	5	1025	1425	772	939	10	0	第10波开始！
1106	0	01kld0611	5	363	779	707	960	11	0	第11波开始！
1106	0	01kld0612	5	650	940	400	606	12	0	第12波开始！
1106	0	01kld0613	5	1025	1425	772	939	13	0	第13波开始！
1106	0	01kld0614	5	363	779	707	960	14	0	第14波开始！
1106	0	01kld0615	5	650	940	400	606	15	0	第15波开始！
1106	0	01kld0616	5	1025	1425	772	939	16	0	第16波开始！
1106	0	01kld0617	5	363	779	707	960	17	0	第17波开始！
1106	0	01kld0618	5	650	940	400	606	18	0	第18波开始！
1106	0	01kld0619	5	1025	1425	772	939	19	0	第19波开始！
1106	0	01kld0620	5	363	779	707	960	20	0	第20波开始！
1106	0	01kld0621	5	650	940	400	606	21	0	第21波开始！
1106	0	01kld0622	5	1025	1425	772	939	22	0	第22波开始！
1106	0	01kld0623	5	363	779	707	960	23	0	第23波开始！
1106	0	01kld0624	5	650	940	400	606	24	0	第24波开始！
1106	0	01kld0625	5	1025	1425	772	939	25	0	第25波开始！
1106	0	01kld0626	5	363	779	707	960	26	0	第26波开始！
1106	0	01kld0627	5	650	940	400	606	27	0	第27波开始！
1106	0	01kld0628	5	1025	1425	772	939	28	0	第28波开始！
1106	0	01kld0629	5	363	779	707	960	29	0	第29波开始！
1106	0	01kld0630	5	650	940	400	606	30	0	最后一波！
										
										
1107	1	01kld0701	5	1025	1425	772	939	1	0	第1波开始！
1107	0	01kld0702	5	363	779	707	960	2	0	第2波开始！
1107	0	01kld0703	5	650	940	400	606	3	0	第3波开始！
1107	0	01kld0704	5	1025	1425	772	939	4	0	第4波开始！
1107	0	01kld0705	5	363	779	707	960	5	0	第5波开始！
1107	0	01kld0706	5	650	940	400	606	6	0	第6波开始！
1107	0	01kld0707	5	1025	1425	772	939	7	0	第7波开始！
1107	0	01kld0708	5	363	779	707	960	8	0	第8波开始！
1107	0	01kld0709	5	650	940	400	606	9	0	第9波开始！
1107	0	01kld0710	5	1025	1425	772	939	10	0	第10波开始！
1107	0	01kld0711	5	363	779	707	960	11	0	第11波开始！
1107	0	01kld0712	5	650	940	400	606	12	0	第12波开始！
1107	0	01kld0713	5	1025	1425	772	939	13	0	第13波开始！
1107	0	01kld0714	5	363	779	707	960	14	0	第14波开始！
1107	0	01kld0715	5	650	940	400	606	15	0	第15波开始！
1107	0	01kld0716	5	1025	1425	772	939	16	0	第16波开始！
1107	0	01kld0717	5	363	779	707	960	17	0	第17波开始！
1107	0	01kld0718	5	650	940	400	606	18	0	第18波开始！
1107	0	01kld0719	5	1025	1425	772	939	19	0	第19波开始！
1107	0	01kld0720	5	363	779	707	960	20	0	第20波开始！
1107	0	01kld0721	5	650	940	400	606	21	0	第21波开始！
1107	0	01kld0722	5	1025	1425	772	939	22	0	第22波开始！
1107	0	01kld0723	5	363	779	707	960	23	0	第23波开始！
1107	0	01kld0724	5	650	940	400	606	24	0	第24波开始！
1107	0	01kld0725	5	1025	1425	772	939	25	0	第25波开始！
1107	0	01kld0726	5	363	779	707	960	26	0	第26波开始！
1107	0	01kld0727	5	650	940	400	606	27	0	第27波开始！
1107	0	01kld0728	5	1025	1425	772	939	28	0	第28波开始！
1107	0	01kld0729	5	363	779	707	960	29	0	第29波开始！
1107	0	01kld0730	5	650	940	400	606	30	0	最后一波！
										
										
1108	1	01kld0801	5	1025	1425	772	939	1	0	第1波开始！
1108	0	01kld0802	5	363	779	707	960	2	0	第2波开始！
1108	0	01kld0803	5	650	940	400	606	3	0	第3波开始！
1108	0	01kld0804	5	1025	1425	772	939	4	0	第4波开始！
1108	0	01kld0805	5	363	779	707	960	5	0	第5波开始！
1108	0	01kld0806	5	650	940	400	606	6	0	第6波开始！
1108	0	01kld0807	5	1025	1425	772	939	7	0	第7波开始！
1108	0	01kld0808	5	363	779	707	960	8	0	第8波开始！
1108	0	01kld0809	5	650	940	400	606	9	0	第9波开始！
1108	0	01kld0810	5	1025	1425	772	939	10	0	第10波开始！
1108	0	01kld0811	5	363	779	707	960	11	0	第11波开始！
1108	0	01kld0812	5	650	940	400	606	12	0	第12波开始！
1108	0	01kld0813	5	1025	1425	772	939	13	0	第13波开始！
1108	0	01kld0814	5	363	779	707	960	14	0	第14波开始！
1108	0	01kld0815	5	650	940	400	606	15	0	第15波开始！
1108	0	01kld0816	5	1025	1425	772	939	16	0	第16波开始！
1108	0	01kld0817	5	363	779	707	960	17	0	第17波开始！
1108	0	01kld0818	5	650	940	400	606	18	0	第18波开始！
1108	0	01kld0819	5	1025	1425	772	939	19	0	第19波开始！
1108	0	01kld0820	5	363	779	707	960	20	0	第20波开始！
1108	0	01kld0821	5	650	940	400	606	21	0	第21波开始！
1108	0	01kld0822	5	1025	1425	772	939	22	0	第22波开始！
1108	0	01kld0823	5	363	779	707	960	23	0	第23波开始！
1108	0	01kld0824	5	650	940	400	606	24	0	第24波开始！
1108	0	01kld0825	5	1025	1425	772	939	25	0	第25波开始！
1108	0	01kld0826	5	363	779	707	960	26	0	第26波开始！
1108	0	01kld0827	5	650	940	400	606	27	0	第27波开始！
1108	0	01kld0828	5	1025	1425	772	939	28	0	第28波开始！
1108	0	01kld0829	5	363	779	707	960	29	0	第29波开始！
1108	0	01kld0830	5	650	940	400	606	30	0	最后一波！
										
										
1109	1	01kld0901	5	1025	1425	772	939	1	0	第1波开始！
1109	0	01kld0902	5	363	779	707	960	2	0	第2波开始！
1109	0	01kld0903	5	650	940	400	606	3	0	第3波开始！
1109	0	01kld0904	5	1025	1425	772	939	4	0	第4波开始！
1109	0	01kld0905	5	363	779	707	960	5	0	第5波开始！
1109	0	01kld0906	5	650	940	400	606	6	0	第6波开始！
1109	0	01kld0907	5	1025	1425	772	939	7	0	第7波开始！
1109	0	01kld0908	5	363	779	707	960	8	0	第8波开始！
1109	0	01kld0909	5	650	940	400	606	9	0	第9波开始！
1109	0	01kld0910	5	1025	1425	772	939	10	0	第10波开始！
1109	0	01kld0911	5	363	779	707	960	11	0	第11波开始！
1109	0	01kld0912	5	650	940	400	606	12	0	第12波开始！
1109	0	01kld0913	5	1025	1425	772	939	13	0	第13波开始！
1109	0	01kld0914	5	363	779	707	960	14	0	第14波开始！
1109	0	01kld0915	5	650	940	400	606	15	0	第15波开始！
1109	0	01kld0916	5	1025	1425	772	939	16	0	第16波开始！
1109	0	01kld0917	5	363	779	707	960	17	0	第17波开始！
1109	0	01kld0918	5	650	940	400	606	18	0	第18波开始！
1109	0	01kld0919	5	1025	1425	772	939	19	0	第19波开始！
1109	0	01kld0920	5	363	779	707	960	20	0	第20波开始！
1109	0	01kld0921	5	650	940	400	606	21	0	第21波开始！
1109	0	01kld0922	5	1025	1425	772	939	22	0	第22波开始！
1109	0	01kld0923	5	363	779	707	960	23	0	第23波开始！
1109	0	01kld0924	5	650	940	400	606	24	0	第24波开始！
1109	0	01kld0925	5	1025	1425	772	939	25	0	第25波开始！
1109	0	01kld0926	5	363	779	707	960	26	0	第26波开始！
1109	0	01kld0927	5	650	940	400	606	27	0	第27波开始！
1109	0	01kld0928	5	1025	1425	772	939	28	0	第28波开始！
1109	0	01kld0929	5	363	779	707	960	29	0	第29波开始！
1109	0	01kld0930	5	650	940	400	606	30	0	最后一波！
										
										
1110	1	01kld1001	5	1025	1425	772	939	1	0	第1波开始！
1110	0	01kld1002	5	363	779	707	960	2	0	第2波开始！
1110	0	01kld1003	5	650	940	400	606	3	0	第3波开始！
1110	0	01kld1004	5	1025	1425	772	939	4	0	第4波开始！
1110	0	01kld1005	5	363	779	707	960	5	0	第5波开始！
1110	0	01kld1006	5	650	940	400	606	6	0	第6波开始！
1110	0	01kld1007	5	1025	1425	772	939	7	0	第7波开始！
1110	0	01kld1008	5	363	779	707	960	8	0	第8波开始！
1110	0	01kld1009	5	650	940	400	606	9	0	第9波开始！
1110	0	01kld1010	5	1025	1425	772	939	10	0	第10波开始！
1110	0	01kld1011	5	363	779	707	960	11	0	第11波开始！
1110	0	01kld1012	5	650	940	400	606	12	0	第12波开始！
1110	0	01kld1013	5	1025	1425	772	939	13	0	第13波开始！
1110	0	01kld1014	5	363	779	707	960	14	0	第14波开始！
1110	0	01kld1015	5	650	940	400	606	15	0	第15波开始！
1110	0	01kld1016	5	1025	1425	772	939	16	0	第16波开始！
1110	0	01kld1017	5	363	779	707	960	17	0	第17波开始！
1110	0	01kld1018	5	650	940	400	606	18	0	第18波开始！
1110	0	01kld1019	5	1025	1425	772	939	19	0	第19波开始！
1110	0	01kld1020	5	363	779	707	960	20	0	第20波开始！
1110	0	01kld1021	5	650	940	400	606	21	0	第21波开始！
1110	0	01kld1022	5	1025	1425	772	939	22	0	第22波开始！
1110	0	01kld1023	5	363	779	707	960	23	0	第23波开始！
1110	0	01kld1024	5	650	940	400	606	24	0	第24波开始！
1110	0	01kld1025	5	1025	1425	772	939	25	0	第25波开始！
1110	0	01kld1026	5	363	779	707	960	26	0	第26波开始！
1110	0	01kld1027	5	650	940	400	606	27	0	第27波开始！
1110	0	01kld1028	5	1025	1425	772	939	28	0	第28波开始！
1110	0	01kld1029	5	363	779	707	960	29	0	第29波开始！
1110	0	01kld1030	5	650	940	400	606	30	0	最后一波！
										
										
1111	1	01kld1101	5	1025	1425	772	939	1	0	第1波开始！
1111	0	01kld1102	5	363	779	707	960	2	0	第2波开始！
1111	0	01kld1103	5	650	940	400	606	3	0	第3波开始！
1111	0	01kld1104	5	1025	1425	772	939	4	0	第4波开始！
1111	0	01kld1105	5	363	779	707	960	5	0	第5波开始！
1111	0	01kld1106	5	650	940	400	606	6	0	第6波开始！
1111	0	01kld1107	5	1025	1425	772	939	7	0	第7波开始！
1111	0	01kld1108	5	363	779	707	960	8	0	第8波开始！
1111	0	01kld1109	5	650	940	400	606	9	0	第9波开始！
1111	0	01kld1110	5	1025	1425	772	939	10	0	第10波开始！
1111	0	01kld1111	5	363	779	707	960	11	0	第11波开始！
1111	0	01kld1112	5	650	940	400	606	12	0	第12波开始！
1111	0	01kld1113	5	1025	1425	772	939	13	0	第13波开始！
1111	0	01kld1114	5	363	779	707	960	14	0	第14波开始！
1111	0	01kld1115	5	650	940	400	606	15	0	第15波开始！
1111	0	01kld1116	5	1025	1425	772	939	16	0	第16波开始！
1111	0	01kld1117	5	363	779	707	960	17	0	第17波开始！
1111	0	01kld1118	5	650	940	400	606	18	0	第18波开始！
1111	0	01kld1119	5	1025	1425	772	939	19	0	第19波开始！
1111	0	01kld1120	5	363	779	707	960	20	0	第20波开始！
1111	0	01kld1121	5	650	940	400	606	21	0	第21波开始！
1111	0	01kld1122	5	1025	1425	772	939	22	0	第22波开始！
1111	0	01kld1123	5	363	779	707	960	23	0	第23波开始！
1111	0	01kld1124	5	650	940	400	606	24	0	第24波开始！
1111	0	01kld1125	5	1025	1425	772	939	25	0	第25波开始！
1111	0	01kld1126	5	363	779	707	960	26	0	第26波开始！
1111	0	01kld1127	5	650	940	400	606	27	0	第27波开始！
1111	0	01kld1128	5	1025	1425	772	939	28	0	第28波开始！
1111	0	01kld1129	5	363	779	707	960	29	0	第29波开始！
1111	0	01kld1130	5	650	940	400	606	30	0	最后一波！
										
										
1501	1	01sxd100	1	1014	1014	549	549	0	0	
1501	1	01sxd100	1	824	824	652	652	0	0	
1501	1	01sxd100	1	1017	1017	747	747	0	0	
1501	1	01sxd100	1	1208	1208	654	654	0	0	
1501	1	01sxd101	1	636	636	209	209	0	0	
1501	1	01sxd101	1	286	286	384	384	0	0	
1501	1	01sxd101	1	439	439	467	467	0	0	
1501	1	01sxd101	1	793	793	285	285	0	0	
1502	1	01sxd200	1	1014	1014	549	549	0	0	
1502	1	01sxd200	1	824	824	652	652	0	0	
1502	1	01sxd200	1	1017	1017	747	747	0	0	
1502	1	01sxd200	1	1208	1208	654	654	0	0	
1502	1	01sxd201	1	636	636	209	209	0	0	
1502	1	01sxd201	1	286	286	384	384	0	0	
1502	1	01sxd201	1	439	439	467	467	0	0	
1502	1	01sxd201	1	793	793	285	285	0	0	
1503	1	01sxd300	1	1014	1014	549	549	0	0	
1503	1	01sxd300	1	824	824	652	652	0	0	
1503	1	01sxd300	1	1017	1017	747	747	0	0	
1503	1	01sxd300	1	1208	1208	654	654	0	0	
1503	1	01sxd301	1	636	636	209	209	0	0	
1503	1	01sxd301	1	286	286	384	384	0	0	
1503	1	01sxd301	1	439	439	467	467	0	0	
1503	1	01sxd301	1	793	793	285	285	0	0	
1504	1	01sxd401	1	1014	1014	549	549	0	0	
1504	1	01sxd401	1	824	824	652	652	0	0	
1504	1	01sxd401	1	1017	1017	747	747	0	0	
1504	1	01sxd401	1	1208	1208	654	654	0	0	
1504	1	01sxd401	1	1045	1045	654	654	0	0	
1504	1	01sxd402	1	636	636	209	209	0	0	
1504	1	01sxd402	1	286	286	384	384	0	0	
1504	1	01sxd402	1	439	439	467	467	0	0	
1504	1	01sxd402	1	793	793	285	285	0	0	
1504	1	01sxd402	1	541	541	335	335	0	0	
1504	1	01sxd400	1	327	327	216	216	0	0	
1505	1	01sxd500	1	1014	1014	549	549	0	0	
1505	1	01sxd500	1	824	824	652	652	0	0	
1505	1	01sxd500	1	1017	1017	747	747	0	0	
1505	1	01sxd500	1	1208	1208	654	654	0	0	
1505	1	01sxd500	1	1045	1045	654	654	0	0	
1505	1	01sxd501	1	636	636	209	209	0	0	
1505	1	01sxd501	1	286	286	384	384	0	0	
1505	1	01sxd501	1	439	439	467	467	0	0	
1505	1	01sxd501	1	793	793	285	285	0	0	
1505	1	01sxd501	1	541	541	335	335	0	0	
1506	1	01sxd600	1	1014	1014	549	549	0	0	
1506	1	01sxd600	1	824	824	652	652	0	0	
1506	1	01sxd600	1	1017	1017	747	747	0	0	
1506	1	01sxd600	1	1208	1208	654	654	0	0	
1506	1	01sxd600	1	1045	1045	654	654	0	0	
1506	1	01sxd601	1	636	636	209	209	0	0	
1506	1	01sxd601	1	286	286	384	384	0	0	
1506	1	01sxd601	1	439	439	467	467	0	0	
1506	1	01sxd601	1	793	793	285	285	0	0	
1506	1	01sxd601	1	541	541	335	335	0	0	
1507	1	01sxd700	1	1014	1014	549	549	0	0	
1507	1	01sxd700	1	824	824	652	652	0	0	
1507	1	01sxd700	1	1017	1017	747	747	0	0	
1507	1	01sxd700	1	1208	1208	654	654	0	0	
1507	1	01sxd700	1	1045	1045	654	654	0	0	
1507	1	01sxd701	1	636	636	209	209	0	0	
1507	1	01sxd701	1	286	286	384	384	0	0	
1507	1	01sxd701	1	439	439	467	467	0	0	
1507	1	01sxd701	1	793	793	285	285	0	0	
1507	1	01sxd701	1	541	541	335	335	0	0	
1508	1	01sxd800	1	1014	1014	549	549	0	0	
1508	1	01sxd800	1	824	824	652	652	0	0	
1508	1	01sxd800	1	1017	1017	747	747	0	0	
1508	1	01sxd800	1	1208	1208	654	654	0	0	
1508	1	01sxd800	1	1045	1045	654	654	0	0	
1508	1	01sxd801	1	636	636	209	209	0	0	
1508	1	01sxd801	1	286	286	384	384	0	0	
1508	1	01sxd801	1	439	439	467	467	0	0	
1508	1	01sxd801	1	793	793	285	285	0	0	
1508	1	01sxd801	1	541	541	335	335	0	0	
1509	1	01sxd901	1	1014	1014	549	549	0	0	
1509	1	01sxd901	1	824	824	652	652	0	0	
1509	1	01sxd901	1	1017	1017	747	747	0	0	
1509	1	01sxd901	1	1208	1208	654	654	0	0	
1509	1	01sxd901	1	1045	1045	654	654	0	0	
1509	1	01sxd901	1	680	680	825	825	0	0	
1509	1	01sxd901	1	1383	1383	485	485	0	0	
1509	1	01sxd902	1	636	636	209	209	0	0	
1509	1	01sxd902	1	286	286	384	384	0	0	
1509	1	01sxd902	1	439	439	467	467	0	0	
1509	1	01sxd902	1	793	793	285	285	0	0	
1509	1	01sxd902	1	541	541	335	335	0	0	
1509	1	01sxd902	1	648	648	389	389	0	0	
1509	1	01sxd902	1	458	458	292	292	0	0	
1509	1	01sxd900	1	327	327	216	216	0	0	
1511	1	01qxd100	1	362	362	308	308	0	0	
1511	1	01qxd100	1	1000	1000	633	633	0	0	
1511	1	01qxd100	1	369	369	627	627	0	0	
1511	1	01qxd100	1	1013	1013	311	311	0	0	
1511	1	01qxd101	1	1096	1096	456	456	0	0	
1511	1	01qxd101	1	255	255	456	456	0	0	
1511	1	01qxd101	1	683	683	249	249	0	0	
1511	1	01qxd101	1	678	678	668	668	0	0	
1512	1	01qxd200	1	362	362	308	308	0	0	
1512	1	01qxd200	1	1000	1000	633	633	0	0	
1512	1	01qxd200	1	369	369	627	627	0	0	
1512	1	01qxd200	1	1013	1013	311	311	0	0	
1512	1	01qxd201	1	1096	1096	456	456	0	0	
1512	1	01qxd201	1	255	255	456	456	0	0	
1512	1	01qxd201	1	683	683	249	249	0	0	
1512	1	01qxd201	1	678	678	668	668	0	0	
1513	1	01qxd300	1	362	362	308	308	0	0	
1513	1	01qxd300	1	1000	1000	633	633	0	0	
1513	1	01qxd300	1	369	369	627	627	0	0	
1513	1	01qxd300	1	1013	1013	311	311	0	0	
1513	1	01qxd301	1	1096	1096	456	456	0	0	
1513	1	01qxd301	1	255	255	456	456	0	0	
1513	1	01qxd301	1	683	683	249	249	0	0	
1513	1	01qxd301	1	678	678	668	668	0	0	
1514	1	01qxd401	1	362	362	308	308	0	0	
1514	1	01qxd401	1	1000	1000	633	633	0	0	
1514	1	01qxd401	1	369	369	627	627	0	0	
1514	1	01qxd401	1	1013	1013	311	311	0	0	
1514	1	01qxd401	1	531	531	540	540	0	0	
1514	1	01qxd402	1	851	851	380	380	0	0	
1514	1	01qxd402	1	1096	1096	456	456	0	0	
1514	1	01qxd402	1	255	255	456	456	0	0	
1514	1	01qxd402	1	683	683	249	249	0	0	
1514	1	01qxd402	1	678	678	668	668	0	0	
1514	1	01qxd400	1	691	691	456	456	0	0	
1515	1	01qxd500	1	362	362	308	308	0	0	
1515	1	01qxd500	1	1000	1000	633	633	0	0	
1515	1	01qxd500	1	369	369	627	627	0	0	
1515	1	01qxd500	1	1013	1013	311	311	0	0	
1515	1	01qxd500	1	531	531	540	540	0	0	
1515	1	01qxd501	1	851	851	380	380	0	0	
1515	1	01qxd501	1	1096	1096	456	456	0	0	
1515	1	01qxd501	1	255	255	456	456	0	0	
1515	1	01qxd501	1	683	683	249	249	0	0	
1515	1	01qxd501	1	678	678	668	668	0	0	
1516	1	01qxd600	1	362	362	308	308	0	0	
1516	1	01qxd600	1	1000	1000	633	633	0	0	
1516	1	01qxd600	1	369	369	627	627	0	0	
1516	1	01qxd600	1	1013	1013	311	311	0	0	
1516	1	01qxd600	1	531	531	540	540	0	0	
1516	1	01qxd601	1	851	851	380	380	0	0	
1516	1	01qxd601	1	1096	1096	456	456	0	0	
1516	1	01qxd601	1	255	255	456	456	0	0	
1516	1	01qxd601	1	683	683	249	249	0	0	
1516	1	01qxd601	1	678	678	668	668	0	0	
1517	1	01qxd700	1	362	362	308	308	0	0	
1517	1	01qxd700	1	1000	1000	633	633	0	0	
1517	1	01qxd700	1	369	369	627	627	0	0	
1517	1	01qxd700	1	1013	1013	311	311	0	0	
1517	1	01qxd700	1	531	531	540	540	0	0	
1517	1	01qxd701	1	851	851	380	380	0	0	
1517	1	01qxd701	1	1096	1096	456	456	0	0	
1517	1	01qxd701	1	255	255	456	456	0	0	
1517	1	01qxd701	1	683	683	249	249	0	0	
1517	1	01qxd701	1	678	678	668	668	0	0	
1518	1	01qxd800	1	362	362	308	308	0	0	
1518	1	01qxd800	1	1000	1000	633	633	0	0	
1518	1	01qxd800	1	369	369	627	627	0	0	
1518	1	01qxd800	1	1013	1013	311	311	0	0	
1518	1	01qxd800	1	531	531	540	540	0	0	
1518	1	01qxd801	1	851	851	380	380	0	0	
1518	1	01qxd801	1	1096	1096	456	456	0	0	
1518	1	01qxd801	1	255	255	456	456	0	0	
1518	1	01qxd801	1	683	683	249	249	0	0	
1518	1	01qxd801	1	678	678	668	668	0	0	
1519	1	01qxd901	1	362	362	308	308	0	0	
1519	1	01qxd901	1	1000	1000	633	633	0	0	
1519	1	01qxd901	1	369	369	627	627	0	0	
1519	1	01qxd901	1	1013	1013	311	311	0	0	
1519	1	01qxd901	1	531	531	540	540	0	0	
1519	1	01qxd901	1	690	690	340	340	0	0	
1519	1	01qxd901	1	696	696	570	570	0	0	
1519	1	01qxd902	1	851	851	380	380	0	0	
1519	1	01qxd902	1	1096	1096	456	456	0	0	
1519	1	01qxd902	1	255	255	456	456	0	0	
1519	1	01qxd902	1	683	683	249	249	0	0	
1519	1	01qxd902	1	678	678	668	668	0	0	
1519	1	01qxd902	1	454	454	460	460	0	0	
1519	1	01qxd902	1	931	931	459	459	0	0	
1519	1	01qxd900	1	691	691	456	456	0	0	
1521	1	01bxd100	1	1068	1068	514	514	0	0	
1521	1	01bxd100	1	1277	1277	639	639	0	0	
1521	1	01bxd100	1	892	892	601	601	0	0	
1521	1	01bxd100	1	1113	1113	715	715	0	0	
1521	1	01bxd101	1	671	671	675	675	0	0	
1521	1	01bxd101	1	861	861	825	825	0	0	
1521	1	01bxd101	1	527	527	789	789	0	0	
1521	1	01bxd101	1	760	760	914	914	0	0	
1522	1	01bxd200	1	1068	1068	514	514	0	0	
1522	1	01bxd200	1	1277	1277	639	639	0	0	
1522	1	01bxd200	1	892	892	601	601	0	0	
1522	1	01bxd200	1	1113	1113	715	715	0	0	
1522	1	01bxd201	1	671	671	675	675	0	0	
1522	1	01bxd201	1	861	861	825	825	0	0	
1522	1	01bxd201	1	527	527	789	789	0	0	
1522	1	01bxd201	1	760	760	914	914	0	0	
1523	1	01bxd300	1	1068	1068	514	514	0	0	
1523	1	01bxd300	1	1277	1277	639	639	0	0	
1523	1	01bxd300	1	892	892	601	601	0	0	
1523	1	01bxd300	1	1113	1113	715	715	0	0	
1523	1	01bxd301	1	671	671	675	675	0	0	
1523	1	01bxd301	1	861	861	825	825	0	0	
1523	1	01bxd301	1	527	527	789	789	0	0	
1523	1	01bxd301	1	760	760	914	914	0	0	
1524	1	01bxd401	1	1068	1068	514	514	0	0	
1524	1	01bxd401	1	1277	1277	639	639	0	0	
1524	1	01bxd401	1	892	892	601	601	0	0	
1524	1	01bxd401	1	1113	1113	715	715	0	0	
1524	1	01bxd401	1	1103	1103	615	615	0	0	
1524	1	01bxd402	1	671	671	675	675	0	0	
1524	1	01bxd402	1	861	861	825	825	0	0	
1524	1	01bxd402	1	527	527	789	789	0	0	
1524	1	01bxd402	1	760	760	914	914	0	0	
1524	1	01bxd402	1	702	702	808	808	0	0	
1524	1	01bxd400	1	278	278	360	360	0	0	
1525	1	01bxd500	1	1068	1068	514	514	0	0	
1525	1	01bxd500	1	1277	1277	639	639	0	0	
1525	1	01bxd500	1	892	892	601	601	0	0	
1525	1	01bxd500	1	1113	1113	715	715	0	0	
1525	1	01bxd500	1	1103	1103	615	615	0	0	
1525	1	01bxd501	1	671	671	675	675	0	0	
1525	1	01bxd501	1	861	861	825	825	0	0	
1525	1	01bxd501	1	527	527	789	789	0	0	
1525	1	01bxd501	1	760	760	914	914	0	0	
1525	1	01bxd501	1	702	702	808	808	0	0	
1526	1	01bxd600	1	1068	1068	514	514	0	0	
1526	1	01bxd600	1	1277	1277	639	639	0	0	
1526	1	01bxd600	1	892	892	601	601	0	0	
1526	1	01bxd600	1	1113	1113	715	715	0	0	
1526	1	01bxd600	1	1103	1103	615	615	0	0	
1526	1	01bxd601	1	671	671	675	675	0	0	
1526	1	01bxd601	1	861	861	825	825	0	0	
1526	1	01bxd601	1	527	527	789	789	0	0	
1526	1	01bxd601	1	760	760	914	914	0	0	
1526	1	01bxd601	1	702	702	808	808	0	0	
1527	1	01bxd700	1	1068	1068	514	514	0	0	
1527	1	01bxd700	1	1277	1277	639	639	0	0	
1527	1	01bxd700	1	892	892	601	601	0	0	
1527	1	01bxd700	1	1113	1113	715	715	0	0	
1527	1	01bxd700	1	1103	1103	615	615	0	0	
1527	1	01bxd701	1	671	671	675	675	0	0	
1527	1	01bxd701	1	861	861	825	825	0	0	
1527	1	01bxd701	1	527	527	789	789	0	0	
1527	1	01bxd701	1	760	760	914	914	0	0	
1527	1	01bxd701	1	702	702	808	808	0	0	
1528	1	01bxd800	1	1068	1068	514	514	0	0	
1528	1	01bxd800	1	1277	1277	639	639	0	0	
1528	1	01bxd800	1	892	892	601	601	0	0	
1528	1	01bxd800	1	1113	1113	715	715	0	0	
1528	1	01bxd800	1	1103	1103	615	615	0	0	
1528	1	01bxd801	1	671	671	675	675	0	0	
1528	1	01bxd801	1	861	861	825	825	0	0	
1528	1	01bxd801	1	527	527	789	789	0	0	
1528	1	01bxd801	1	760	760	914	914	0	0	
1528	1	01bxd801	1	702	702	808	808	0	0	
1529	1	01bxd901	1	1068	1068	514	514	0	0	
1529	1	01bxd901	1	1277	1277	639	639	0	0	
1529	1	01bxd901	1	892	892	601	601	0	0	
1529	1	01bxd901	1	1113	1113	715	715	0	0	
1529	1	01bxd901	1	1103	1103	615	615	0	0	
1529	1	01bxd901	1	449	449	296	296	0	0	
1529	1	01bxd901	1	536	536	356	356	0	0	
1529	1	01bxd902	1	671	671	675	675	0	0	
1529	1	01bxd902	1	861	861	825	825	0	0	
1529	1	01bxd902	1	527	527	789	789	0	0	
1529	1	01bxd902	1	760	760	914	914	0	0	
1529	1	01bxd902	1	702	702	808	808	0	0	
1529	1	01bxd902	1	237	237	486	486	0	0	
1529	1	01bxd902	1	138	138	459	459	0	0	
1529	1	01bxd900	1	278	278	360	360	0	0	
1531	1	01dxd100	1	786	786	336	336	0	0	
1531	1	01dxd100	1	1207	1207	550	550	0	0	
1531	1	01dxd100	1	783	783	743	743	0	0	
1531	1	01dxd100	1	374	374	551	551	0	0	
1531	1	01dxd101	1	536	536	423	423	0	0	
1531	1	01dxd101	1	1004	1004	416	416	0	0	
1531	1	01dxd101	1	1040	1040	668	668	0	0	
1531	1	01dxd101	1	528	528	677	677	0	0	
1532	1	01dxd200	1	786	786	336	336	0	0	
1532	1	01dxd200	1	1207	1207	550	550	0	0	
1532	1	01dxd200	1	783	783	743	743	0	0	
1532	1	01dxd200	1	374	374	551	551	0	0	
1532	1	01dxd201	1	536	536	423	423	0	0	
1532	1	01dxd201	1	1004	1004	416	416	0	0	
1532	1	01dxd201	1	1040	1040	668	668	0	0	
1532	1	01dxd201	1	528	528	677	677	0	0	
1533	1	01dxd300	1	786	786	336	336	0	0	
1533	1	01dxd300	1	1207	1207	550	550	0	0	
1533	1	01dxd300	1	783	783	743	743	0	0	
1533	1	01dxd300	1	374	374	551	551	0	0	
1533	1	01dxd301	1	536	536	423	423	0	0	
1533	1	01dxd301	1	1004	1004	416	416	0	0	
1533	1	01dxd301	1	1040	1040	668	668	0	0	
1533	1	01dxd301	1	528	528	677	677	0	0	
1534	1	01dxd401	1	786	786	336	336	0	0	
1534	1	01dxd401	1	1207	1207	550	550	0	0	
1534	1	01dxd401	1	783	783	743	743	0	0	
1534	1	01dxd401	1	374	374	551	551	0	0	
1534	1	01dxd401	1	695	695	597	597	0	0	
1534	1	01dxd402	1	536	536	423	423	0	0	
1534	1	01dxd402	1	1004	1004	416	416	0	0	
1534	1	01dxd402	1	1040	1040	668	668	0	0	
1534	1	01dxd402	1	528	528	677	677	0	0	
1534	1	01dxd402	1	865	865	505	505	0	0	
1534	1	01dxd400	1	787	787	544	544	0	0	
1535	1	01dxd500	1	786	786	336	336	0	0	
1535	1	01dxd500	1	1207	1207	550	550	0	0	
1535	1	01dxd500	1	783	783	743	743	0	0	
1535	1	01dxd500	1	374	374	551	551	0	0	
1535	1	01dxd500	1	695	695	597	597	0	0	
1535	1	01dxd501	1	536	536	423	423	0	0	
1535	1	01dxd501	1	1004	1004	416	416	0	0	
1535	1	01dxd501	1	1040	1040	668	668	0	0	
1535	1	01dxd501	1	528	528	677	677	0	0	
1535	1	01dxd501	1	865	865	505	505	0	0	
1536	1	01dxd600	1	786	786	336	336	0	0	
1536	1	01dxd600	1	1207	1207	550	550	0	0	
1536	1	01dxd600	1	783	783	743	743	0	0	
1536	1	01dxd600	1	374	374	551	551	0	0	
1536	1	01dxd600	1	695	695	597	597	0	0	
1536	1	01dxd601	1	536	536	423	423	0	0	
1536	1	01dxd601	1	1004	1004	416	416	0	0	
1536	1	01dxd601	1	1040	1040	668	668	0	0	
1536	1	01dxd601	1	528	528	677	677	0	0	
1536	1	01dxd601	1	865	865	505	505	0	0	
1537	1	01dxd700	1	786	786	336	336	0	0	
1537	1	01dxd700	1	1207	1207	550	550	0	0	
1537	1	01dxd700	1	783	783	743	743	0	0	
1537	1	01dxd700	1	374	374	551	551	0	0	
1537	1	01dxd700	1	695	695	597	597	0	0	
1537	1	01dxd701	1	536	536	423	423	0	0	
1537	1	01dxd701	1	1004	1004	416	416	0	0	
1537	1	01dxd701	1	1040	1040	668	668	0	0	
1537	1	01dxd701	1	528	528	677	677	0	0	
1537	1	01dxd701	1	865	865	505	505	0	0	
1538	1	01dxd800	1	786	786	336	336	0	0	
1538	1	01dxd800	1	1207	1207	550	550	0	0	
1538	1	01dxd800	1	783	783	743	743	0	0	
1538	1	01dxd800	1	374	374	551	551	0	0	
1538	1	01dxd800	1	695	695	597	597	0	0	
1538	1	01dxd801	1	536	536	423	423	0	0	
1538	1	01dxd801	1	1004	1004	416	416	0	0	
1538	1	01dxd801	1	1040	1040	668	668	0	0	
1538	1	01dxd801	1	528	528	677	677	0	0	
1538	1	01dxd801	1	865	865	505	505	0	0	
1539	1	01dxd901	1	786	786	336	336	0	0	
1539	1	01dxd901	1	1207	1207	550	550	0	0	
1539	1	01dxd901	1	783	783	743	743	0	0	
1539	1	01dxd901	1	374	374	551	551	0	0	
1539	1	01dxd901	1	695	695	597	597	0	0	
1539	1	01dxd901	1	691	691	537	537	0	0	
1539	1	01dxd901	1	936	936	553	553	0	0	
1539	1	01dxd902	1	536	536	423	423	0	0	
1539	1	01dxd902	1	1004	1004	416	416	0	0	
1539	1	01dxd902	1	1040	1040	668	668	0	0	
1539	1	01dxd902	1	528	528	677	677	0	0	
1539	1	01dxd902	1	865	865	505	505	0	0	
1539	1	01dxd902	1	793	793	485	485	0	0	
1539	1	01dxd902	1	835	835	622	622	0	0	
1539	1	01dxd900	1	787	787	544	544	0	0	
1541	1	01jxd100	1	773	773	285	285	0	0	
1541	1	01jxd100	1	1222	1222	477	477	0	0	
1541	1	01jxd100	1	878	878	678	678	0	0	
1541	1	01jxd100	1	384	384	487	487	0	0	
1541	1	01jxd101	1	524	524	351	351	0	0	
1541	1	01jxd101	1	1078	1078	313	313	0	0	
1541	1	01jxd101	1	1095	1095	624	624	0	0	
1541	1	01jxd101	1	485	485	605	605	0	0	
1542	1	01jxd200	1	773	773	285	285	0	0	
1542	1	01jxd200	1	1222	1222	477	477	0	0	
1542	1	01jxd200	1	878	878	678	678	0	0	
1542	1	01jxd200	1	384	384	487	487	0	0	
1542	1	01jxd201	1	524	524	351	351	0	0	
1542	1	01jxd201	1	1078	1078	313	313	0	0	
1542	1	01jxd201	1	1095	1095	624	624	0	0	
1542	1	01jxd201	1	485	485	605	605	0	0	
1543	1	01jxd300	1	773	773	285	285	0	0	
1543	1	01jxd300	1	773	773	285	285	0	0	
1543	1	01jxd300	1	878	878	678	678	0	0	
1543	1	01jxd300	1	384	384	487	487	0	0	
1543	1	01jxd301	1	524	524	351	351	0	0	
1543	1	01jxd301	1	1078	1078	313	313	0	0	
1543	1	01jxd301	1	1095	1095	624	624	0	0	
1543	1	01jxd301	1	485	485	605	605	0	0	
1544	1	01jxd401	1	773	773	285	285	0	0	
1544	1	01jxd401	1	1222	1222	477	477	0	0	
1544	1	01jxd401	1	878	878	678	678	0	0	
1544	1	01jxd401	1	384	384	487	487	0	0	
1544	1	01jxd401	1	671	671	555	555	0	0	
1544	1	01jxd402	1	524	524	351	351	0	0	
1544	1	01jxd402	1	1078	1078	313	313	0	0	
1544	1	01jxd402	1	1095	1095	624	624	0	0	
1544	1	01jxd402	1	485	485	605	605	0	0	
1544	1	01jxd402	1	983	983	397	397	0	0	
1544	1	01jxd400	1	832	832	478	478	0	0	
1545	1	01jxd500	1	773	773	285	285	0	0	
1545	1	01jxd500	1	1222	1222	477	477	0	0	
1545	1	01jxd500	1	878	878	678	678	0	0	
1545	1	01jxd500	1	384	384	487	487	0	0	
1545	1	01jxd500	1	671	671	555	555	0	0	
1545	1	01jxd501	1	524	524	351	351	0	0	
1545	1	01jxd501	1	1078	1078	313	313	0	0	
1545	1	01jxd501	1	1095	1095	624	624	0	0	
1545	1	01jxd501	1	485	485	605	605	0	0	
1545	1	01jxd501	1	983	983	397	397	0	0	
1546	1	01jxd600	1	773	773	285	285	0	0	
1546	1	01jxd600	1	1222	1222	477	477	0	0	
1546	1	01jxd600	1	878	878	678	678	0	0	
1546	1	01jxd600	1	384	384	487	487	0	0	
1546	1	01jxd600	1	671	671	555	555	0	0	
1546	1	01jxd601	1	524	524	351	351	0	0	
1546	1	01jxd601	1	1078	1078	313	313	0	0	
1546	1	01jxd601	1	1095	1095	624	624	0	0	
1546	1	01jxd601	1	485	485	605	605	0	0	
1546	1	01jxd601	1	983	983	397	397	0	0	
1547	1	01jxd700	1	773	773	285	285	0	0	
1547	1	01jxd700	1	1222	1222	477	477	0	0	
1547	1	01jxd700	1	878	878	678	678	0	0	
1547	1	01jxd700	1	384	384	487	487	0	0	
1547	1	01jxd700	1	671	671	555	555	0	0	
1547	1	01jxd701	1	524	524	351	351	0	0	
1547	1	01jxd701	1	1078	1078	313	313	0	0	
1547	1	01jxd701	1	1095	1095	624	624	0	0	
1547	1	01jxd701	1	485	485	605	605	0	0	
1547	1	01jxd701	1	983	983	397	397	0	0	
1548	1	01jxd800	1	773	773	285	285	0	0	
1548	1	01jxd800	1	1222	1222	477	477	0	0	
1548	1	01jxd800	1	878	878	678	678	0	0	
1548	1	01jxd800	1	384	384	487	487	0	0	
1548	1	01jxd800	1	671	671	555	555	0	0	
1548	1	01jxd801	1	524	524	351	351	0	0	
1548	1	01jxd801	1	1078	1078	313	313	0	0	
1548	1	01jxd801	1	1095	1095	624	624	0	0	
1548	1	01jxd801	1	485	485	605	605	0	0	
1548	1	01jxd801	1	983	983	397	397	0	0	
1549	1	01jxd901	1	773	773	285	285	0	0	
1549	1	01jxd901	1	1222	1222	477	477	0	0	
1549	1	01jxd901	1	878	878	678	678	0	0	
1549	1	01jxd901	1	384	384	487	487	0	0	
1549	1	01jxd901	1	671	671	555	555	0	0	
1549	1	01jxd901	1	603	603	460	460	0	0	
1549	1	01jxd901	1	818	818	601	601	0	0	
1549	1	01jxd902	1	524	524	351	351	0	0	
1549	1	01jxd902	1	1078	1078	313	313	0	0	
1549	1	01jxd902	1	1095	1095	624	624	0	0	
1549	1	01jxd902	1	485	485	605	605	0	0	
1549	1	01jxd902	1	983	983	397	397	0	0	
1549	1	01jxd902	1	815	815	456	456	0	0	
1549	1	01jxd902	1	1048	1048	488	488	0	0	
1549	1	01jxd900	1	832	832	478	478	0	0	
1551	1	01yxd100	1	1069	1069	640	640	0	0	
1551	1	01yxd100	1	1201	1201	710	710	0	0	
1551	1	01yxd100	1	1027	1027	799	799	0	0	
1551	1	01yxd100	1	891	891	729	729	0	0	
1551	1	01yxd101	1	804	804	509	509	0	0	
1551	1	01yxd101	1	928	928	574	574	0	0	
1551	1	01yxd101	1	626	626	601	601	0	0	
1551	1	01yxd101	1	746	746	665	665	0	0	
1552	1	01yxd200	1	1069	1069	640	640	0	0	
1552	1	01yxd200	1	1201	1201	710	710	0	0	
1552	1	01yxd200	1	1027	1027	799	799	0	0	
1552	1	01yxd200	1	891	891	729	729	0	0	
1552	1	01yxd201	1	804	804	509	509	0	0	
1552	1	01yxd201	1	928	928	574	574	0	0	
1552	1	01yxd201	1	626	626	601	601	0	0	
1552	1	01yxd201	1	746	746	665	665	0	0	
1553	1	01yxd300	1	1069	1069	640	640	0	0	
1553	1	01yxd300	1	1201	1201	710	710	0	0	
1553	1	01yxd300	1	1027	1027	799	799	0	0	
1553	1	01yxd300	1	891	891	729	729	0	0	
1553	1	01yxd301	1	804	804	509	509	0	0	
1553	1	01yxd301	1	928	928	574	574	0	0	
1553	1	01yxd301	1	626	626	601	601	0	0	
1553	1	01yxd301	1	746	746	665	665	0	0	
1554	1	01yxd401	1	1069	1069	640	640	0	0	
1554	1	01yxd401	1	1201	1201	710	710	0	0	
1554	1	01yxd401	1	1027	1027	799	799	0	0	
1554	1	01yxd401	1	891	891	729	729	0	0	
1554	1	01yxd401	1	927	927	839	839	0	0	
1554	1	01yxd402	1	804	804	509	509	0	0	
1554	1	01yxd402	1	928	928	574	574	0	0	
1554	1	01yxd402	1	626	626	601	601	0	0	
1554	1	01yxd402	1	746	746	665	665	0	0	
1554	1	01yxd402	1	1230	1230	686	686	0	0	
1554	1	01yxd400	1	885	885	637	637	0	0	
1555	1	01yxd500	1	1069	1069	640	640	0	0	
1555	1	01yxd500	1	1201	1201	710	710	0	0	
1555	1	01yxd500	1	1027	1027	799	799	0	0	
1555	1	01yxd500	1	891	891	729	729	0	0	
1555	1	01yxd500	1	927	927	839	839	0	0	
1555	1	01yxd501	1	804	804	509	509	0	0	
1555	1	01yxd501	1	928	928	574	574	0	0	
1555	1	01yxd501	1	626	626	601	601	0	0	
1555	1	01yxd501	1	746	746	665	665	0	0	
1555	1	01yxd501	1	1230	1230	686	686	0	0	
1556	1	01yxd600	1	1069	1069	640	640	0	0	
1556	1	01yxd600	1	1201	1201	710	710	0	0	
1556	1	01yxd600	1	1027	1027	799	799	0	0	
1556	1	01yxd600	1	891	891	729	729	0	0	
1556	1	01yxd600	1	927	927	839	839	0	0	
1556	1	01yxd601	1	804	804	509	509	0	0	
1556	1	01yxd601	1	928	928	574	574	0	0	
1556	1	01yxd601	1	626	626	601	601	0	0	
1556	1	01yxd601	1	746	746	665	665	0	0	
1556	1	01yxd601	1	1230	1230	686	686	0	0	
1557	1	01yxd700	1	1069	1069	640	640	0	0	
1557	1	01yxd700	1	1201	1201	710	710	0	0	
1557	1	01yxd700	1	1027	1027	799	799	0	0	
1557	1	01yxd700	1	891	891	729	729	0	0	
1557	1	01yxd700	1	927	927	839	839	0	0	
1557	1	01yxd701	1	804	804	509	509	0	0	
1557	1	01yxd701	1	928	928	574	574	0	0	
1557	1	01yxd701	1	626	626	601	601	0	0	
1557	1	01yxd701	1	746	746	665	665	0	0	
1557	1	01yxd701	1	1230	1230	686	686	0	0	
1558	1	01yxd800	1	1069	1069	640	640	0	0	
1558	1	01yxd800	1	1201	1201	710	710	0	0	
1558	1	01yxd800	1	1027	1027	799	799	0	0	
1558	1	01yxd800	1	891	891	729	729	0	0	
1558	1	01yxd800	1	927	927	839	839	0	0	
1558	1	01yxd801	1	804	804	509	509	0	0	
1558	1	01yxd801	1	928	928	574	574	0	0	
1558	1	01yxd801	1	626	626	601	601	0	0	
1558	1	01yxd801	1	746	746	665	665	0	0	
1558	1	01yxd801	1	1230	1230	686	686	0	0	
1559	1	01yxd901	1	1069	1069	640	640	0	0	
1559	1	01yxd901	1	1201	1201	710	710	0	0	
1559	1	01yxd901	1	1027	1027	799	799	0	0	
1559	1	01yxd901	1	891	891	729	729	0	0	
1559	1	01yxd901	1	927	927	839	839	0	0	
1559	1	01yxd901	1	1105	1105	617	617	0	0	
1559	1	01yxd901	1	829	829	750	750	0	0	
1559	1	01yxd902	1	804	804	509	509	0	0	
1559	1	01yxd902	1	928	928	574	574	0	0	
1559	1	01yxd902	1	626	626	601	601	0	0	
1559	1	01yxd902	1	746	746	665	665	0	0	
1559	1	01yxd902	1	1230	1230	686	686	0	0	
1559	1	01yxd902	1	620	620	643	643	0	0	
1559	1	01yxd902	1	884	884	512	512	0	0	
1559	1	01yxd900	1	885	885	637	637	0	0	
1561	1	01zxd100	1	889	889	396	396	0	0	
1561	1	01zxd100	1	894	894	727	727	0	0	
1561	1	01zxd100	1	307	307	757	757	0	0	
1561	1	01zxd100	1	376	376	384	384	0	0	
1561	1	01zxd101	1	594	594	326	326	0	0	
1561	1	01zxd101	1	1041	1041	529	529	0	0	
1561	1	01zxd101	1	617	617	819	819	0	0	
1561	1	01zxd101	1	226	226	579	579	0	0	
1562	1	01zxd300	1	889	889	396	396	0	0	
1562	1	01zxd300	1	894	894	727	727	0	0	
1562	1	01zxd300	1	307	307	757	757	0	0	
1562	1	01zxd300	1	376	376	384	384	0	0	
1562	1	01zxd301	1	594	594	326	326	0	0	
1562	1	01zxd301	1	1041	1041	529	529	0	0	
1562	1	01zxd301	1	617	617	819	819	0	0	
1562	1	01zxd301	1	226	226	579	579	0	0	
1563	1	01zxd200	1	889	889	396	396	0	0	
1563	1	01zxd200	1	894	894	727	727	0	0	
1563	1	01zxd200	1	307	307	757	757	0	0	
1563	1	01zxd200	1	376	376	384	384	0	0	
1563	1	01zxd201	1	594	594	326	326	0	0	
1563	1	01zxd201	1	1041	1041	529	529	0	0	
1563	1	01zxd201	1	617	617	819	819	0	0	
1563	1	01zxd201	1	226	226	579	579	0	0	
1564	1	01zxd401	1	889	889	396	396	0	0	
1564	1	01zxd401	1	894	894	727	727	0	0	
1564	1	01zxd401	1	307	307	757	757	0	0	
1564	1	01zxd401	1	376	376	384	384	0	0	
1564	1	01zxd401	1	526	526	613	613	0	0	
1564	1	01zxd402	1	594	594	326	326	0	0	
1564	1	01zxd402	1	1041	1041	529	529	0	0	
1564	1	01zxd402	1	617	617	819	819	0	0	
1564	1	01zxd402	1	226	226	579	579	0	0	
1564	1	01zxd402	1	748	748	496	496	0	0	
1564	1	01zxd400	1	636	636	551	551	0	0	
1565	1	01zxd500	1	889	889	396	396	0	0	
1565	1	01zxd500	1	894	894	727	727	0	0	
1565	1	01zxd500	1	307	307	757	757	0	0	
1565	1	01zxd500	1	376	376	384	384	0	0	
1565	1	01zxd500	1	526	526	613	613	0	0	
1565	1	01zxd501	1	594	594	326	326	0	0	
1565	1	01zxd501	1	1041	1041	529	529	0	0	
1565	1	01zxd501	1	617	617	819	819	0	0	
1565	1	01zxd501	1	226	226	579	579	0	0	
1565	1	01zxd501	1	748	748	496	496	0	0	
1566	1	01zxd600	1	889	889	396	396	0	0	
1566	1	01zxd600	1	894	894	727	727	0	0	
1566	1	01zxd600	1	307	307	757	757	0	0	
1566	1	01zxd600	1	376	376	384	384	0	0	
1566	1	01zxd600	1	526	526	613	613	0	0	
1566	1	01zxd601	1	594	594	326	326	0	0	
1566	1	01zxd601	1	1041	1041	529	529	0	0	
1566	1	01zxd601	1	617	617	819	819	0	0	
1566	1	01zxd601	1	226	226	579	579	0	0	
1566	1	01zxd601	1	748	748	496	496	0	0	
1567	1	01zxd700	1	889	889	396	396	0	0	
1567	1	01zxd700	1	894	894	727	727	0	0	
1567	1	01zxd700	1	307	307	757	757	0	0	
1567	1	01zxd700	1	376	376	384	384	0	0	
1567	1	01zxd700	1	526	526	613	613	0	0	
1567	1	01zxd701	1	594	594	326	326	0	0	
1567	1	01zxd701	1	1041	1041	529	529	0	0	
1567	1	01zxd701	1	617	617	819	819	0	0	
1567	1	01zxd701	1	226	226	579	579	0	0	
1567	1	01zxd701	1	748	748	496	496	0	0	
1568	1	01zxd800	1	889	889	396	396	0	0	
1568	1	01zxd800	1	894	894	727	727	0	0	
1568	1	01zxd800	1	307	307	757	757	0	0	
1568	1	01zxd800	1	376	376	384	384	0	0	
1568	1	01zxd800	1	526	526	613	613	0	0	
1568	1	01zxd801	1	594	594	326	326	0	0	
1568	1	01zxd801	1	1041	1041	529	529	0	0	
1568	1	01zxd801	1	617	617	819	819	0	0	
1568	1	01zxd801	1	226	226	579	579	0	0	
1568	1	01zxd801	1	748	748	496	496	0	0	
1569	1	01zxd901	1	889	889	396	396	0	0	
1569	1	01zxd901	1	894	894	727	727	0	0	
1569	1	01zxd901	1	307	307	757	757	0	0	
1569	1	01zxd901	1	376	376	384	384	0	0	
1569	1	01zxd901	1	526	526	613	613	0	0	
1569	1	01zxd901	1	641	641	417	417	0	0	
1569	1	01zxd901	1	336	336	556	556	0	0	
1569	1	01zxd902	1	594	594	326	326	0	0	
1569	1	01zxd902	1	1041	1041	529	529	0	0	
1569	1	01zxd902	1	617	617	819	819	0	0	
1569	1	01zxd902	1	226	226	579	579	0	0	
1569	1	01zxd902	1	748	748	496	496	0	0	
1569	1	01zxd902	1	632	632	688	688	0	0	
1569	1	01zxd902	1	910	910	552	552	0	0	
1569	1	01zxd900	1	636	636	551	551	0	0	
1571	1	01zixd100	1	1037	1037	515	515	0	0	
1571	1	01zixd100	1	1072	1072	824	824	0	0	
1571	1	01zixd100	1	436	436	816	816	0	0	
1571	1	01zixd100	1	453	453	520	520	0	0	
1571	1	01zixd101	1	737	737	450	450	0	0	
1571	1	01zixd101	1	1183	1183	700	700	0	0	
1571	1	01zixd101	1	757	757	886	886	0	0	
1571	1	01zixd101	1	329	329	658	658	0	0	
1572	1	01zixd200	1	1037	1037	515	515	0	0	
1572	1	01zixd200	1	1072	1072	824	824	0	0	
1572	1	01zixd200	1	436	436	816	816	0	0	
1572	1	01zixd200	1	453	453	520	520	0	0	
1572	1	01zixd201	1	737	737	450	450	0	0	
1572	1	01zixd201	1	1183	1183	700	700	0	0	
1572	1	01zixd201	1	757	757	886	886	0	0	
1572	1	01zixd201	1	329	329	658	658	0	0	
1573	1	01zixd300	1	1037	1037	515	515	0	0	
1573	1	01zixd300	1	1072	1072	824	824	0	0	
1573	1	01zixd300	1	436	436	816	816	0	0	
1573	1	01zixd300	1	453	453	520	520	0	0	
1573	1	01zixd301	1	737	737	450	450	0	0	
1573	1	01zixd301	1	1183	1183	700	700	0	0	
1573	1	01zixd301	1	757	757	886	886	0	0	
1573	1	01zixd301	1	329	329	658	658	0	0	
1574	1	01zixd401	1	1037	1037	515	515	0	0	
1574	1	01zixd401	1	1072	1072	824	824	0	0	
1574	1	01zixd401	1	436	436	816	816	0	0	
1574	1	01zixd401	1	453	453	520	520	0	0	
1574	1	01zixd401	1	648	648	743	743	0	0	
1574	1	01zixd402	1	737	737	450	450	0	0	
1574	1	01zixd402	1	1183	1183	700	700	0	0	
1574	1	01zixd402	1	757	757	886	886	0	0	
1574	1	01zixd402	1	329	329	658	658	0	0	
1574	1	01zixd402	1	858	858	603	603	0	0	
1574	1	01zixd400	1	755	755	673	673	0	0	
1575	1	01zixd500	1	1037	1037	515	515	0	0	
1575	1	01zixd500	1	1072	1072	824	824	0	0	
1575	1	01zixd500	1	436	436	816	816	0	0	
1575	1	01zixd500	1	453	453	520	520	0	0	
1575	1	01zixd500	1	648	648	743	743	0	0	
1575	1	01zixd501	1	737	737	450	450	0	0	
1575	1	01zixd501	1	1183	1183	700	700	0	0	
1575	1	01zixd501	1	757	757	886	886	0	0	
1575	1	01zixd501	1	329	329	658	658	0	0	
1575	1	01zixd501	1	858	858	603	603	0	0	
1576	1	01zixd600	1	1037	1037	515	515	0	0	
1576	1	01zixd600	1	1072	1072	824	824	0	0	
1576	1	01zixd600	1	436	436	816	816	0	0	
1576	1	01zixd600	1	453	453	520	520	0	0	
1576	1	01zixd600	1	648	648	743	743	0	0	
1576	1	01zixd601	1	737	737	450	450	0	0	
1576	1	01zixd601	1	1183	1183	700	700	0	0	
1576	1	01zixd601	1	757	757	886	886	0	0	
1576	1	01zixd601	1	329	329	658	658	0	0	
1576	1	01zixd601	1	858	858	603	603	0	0	
1577	1	01zixd700	1	1037	1037	515	515	0	0	
1577	1	01zixd700	1	1072	1072	824	824	0	0	
1577	1	01zixd700	1	436	436	816	816	0	0	
1577	1	01zixd700	1	453	453	520	520	0	0	
1577	1	01zixd700	1	648	648	743	743	0	0	
1577	1	01zixd701	1	737	737	450	450	0	0	
1577	1	01zixd701	1	1183	1183	700	700	0	0	
1577	1	01zixd701	1	757	757	886	886	0	0	
1577	1	01zixd701	1	329	329	658	658	0	0	
1577	1	01zixd701	1	858	858	603	603	0	0	
1578	1	01zixd800	1	1037	1037	515	515	0	0	
1578	1	01zixd800	1	1072	1072	824	824	0	0	
1578	1	01zixd800	1	436	436	816	816	0	0	
1578	1	01zixd800	1	453	453	520	520	0	0	
1578	1	01zixd800	1	648	648	743	743	0	0	
1578	1	01zixd801	1	737	737	450	450	0	0	
1578	1	01zixd801	1	1183	1183	700	700	0	0	
1578	1	01zixd801	1	757	757	886	886	0	0	
1578	1	01zixd801	1	329	329	658	658	0	0	
1578	1	01zixd801	1	858	858	603	603	0	0	
1579	1	01zixd901	1	1037	1037	515	515	0	0	
1579	1	01zixd901	1	1072	1072	824	824	0	0	
1579	1	01zixd901	1	436	436	816	816	0	0	
1579	1	01zixd901	1	453	453	520	520	0	0	
1579	1	01zixd901	1	648	648	743	743	0	0	
1579	1	01zixd901	1	600	600	648	648	0	0	
1579	1	01zixd901	1	703	703	592	592	0	0	
1579	1	01zixd902	1	737	737	450	450	0	0	
1579	1	01zixd902	1	1183	1183	700	700	0	0	
1579	1	01zixd902	1	757	757	886	886	0	0	
1579	1	01zixd902	1	329	329	658	658	0	0	
1579	1	01zixd902	1	858	858	603	603	0	0	
1579	1	01zixd902	1	920	920	688	688	0	0	
1579	1	01zixd902	1	764	764	757	757	0	0	
1579	1	01zixd900	1	755	755	673	673	0	0	
1581	1	01txd100	1	1105	1105	623	623	0	0	
1581	1	01txd100	1	1231	1231	684	684	0	0	
1581	1	01txd100	1	672	672	837	837	0	0	
1581	1	01txd100	1	809	809	907	907	0	0	
1581	1	01txd101	1	620	620	377	377	0	0	
1581	1	01txd101	1	741	741	401	401	0	0	
1581	1	01txd101	1	247	247	519	519	0	0	
1581	1	01txd101	1	378	378	584	584	0	0	
1582	1	01txd200	1	1105	1105	623	623	0	0	
1582	1	01txd200	1	1231	1231	684	684	0	0	
1582	1	01txd200	1	672	672	837	837	0	0	
1582	1	01txd200	1	809	809	907	907	0	0	
1582	1	01txd201	1	620	620	377	377	0	0	
1582	1	01txd201	1	741	741	401	401	0	0	
1582	1	01txd201	1	247	247	519	519	0	0	
1582	1	01txd201	1	378	378	584	584	0	0	
1583	1	01txd300	1	1105	1105	623	623	0	0	
1583	1	01txd300	1	1231	1231	684	684	0	0	
1583	1	01txd300	1	672	672	837	837	0	0	
1583	1	01txd300	1	809	809	907	907	0	0	
1583	1	01txd301	1	620	620	377	377	0	0	
1583	1	01txd301	1	741	741	401	401	0	0	
1583	1	01txd301	1	247	247	519	519	0	0	
1583	1	01txd301	1	378	378	584	584	0	0	
1584	1	01txd401	1	1105	1105	623	623	0	0	
1584	1	01txd401	1	1231	1231	684	684	0	0	
1584	1	01txd401	1	672	672	837	837	0	0	
1584	1	01txd401	1	809	809	907	907	0	0	
1584	1	01txd401	1	824	824	359	359	0	0	
1584	1	01txd402	1	620	620	377	377	0	0	
1584	1	01txd402	1	741	741	401	401	0	0	
1584	1	01txd402	1	247	247	519	519	0	0	
1584	1	01txd402	1	378	378	584	584	0	0	
1584	1	01txd402	1	299	299	628	628	0	0	
1584	1	01txd400	1	326	326	360	360	0	0	
1585	1	01txd500	1	1105	1105	623	623	0	0	
1585	1	01txd500	1	1231	1231	684	684	0	0	
1585	1	01txd500	1	672	672	837	837	0	0	
1585	1	01txd500	1	809	809	907	907	0	0	
1585	1	01txd500	1	824	824	359	359	0	0	
1585	1	01txd501	1	620	620	377	377	0	0	
1585	1	01txd501	1	741	741	401	401	0	0	
1585	1	01txd501	1	247	247	519	519	0	0	
1585	1	01txd501	1	378	378	584	584	0	0	
1585	1	01txd501	1	299	299	628	628	0	0	
1586	1	01txd600	1	1105	1105	623	623	0	0	
1586	1	01txd600	1	1231	1231	684	684	0	0	
1586	1	01txd600	1	672	672	837	837	0	0	
1586	1	01txd600	1	809	809	907	907	0	0	
1586	1	01txd600	1	824	824	359	359	0	0	
1586	1	01txd601	1	620	620	377	377	0	0	
1586	1	01txd601	1	741	741	401	401	0	0	
1586	1	01txd601	1	247	247	519	519	0	0	
1586	1	01txd601	1	378	378	584	584	0	0	
1586	1	01txd601	1	299	299	628	628	0	0	
1587	1	01txd700	1	1105	1105	623	623	0	0	
1587	1	01txd700	1	1231	1231	684	684	0	0	
1587	1	01txd700	1	672	672	837	837	0	0	
1587	1	01txd700	1	809	809	907	907	0	0	
1587	1	01txd700	1	824	824	359	359	0	0	
1587	1	01txd701	1	620	620	377	377	0	0	
1587	1	01txd701	1	741	741	401	401	0	0	
1587	1	01txd701	1	247	247	519	519	0	0	
1587	1	01txd701	1	378	378	584	584	0	0	
1587	1	01txd701	1	299	299	628	628	0	0	
1588	1	01txd800	1	1105	1105	623	623	0	0	
1588	1	01txd800	1	1231	1231	684	684	0	0	
1588	1	01txd800	1	672	672	837	837	0	0	
1588	1	01txd800	1	809	809	907	907	0	0	
1588	1	01txd800	1	824	824	359	359	0	0	
1588	1	01txd801	1	620	620	377	377	0	0	
1588	1	01txd801	1	741	741	401	401	0	0	
1588	1	01txd801	1	247	247	519	519	0	0	
1588	1	01txd801	1	378	378	584	584	0	0	
1588	1	01txd801	1	299	299	628	628	0	0	
1589	1	01txd901	1	1105	1105	623	623	0	0	
1589	1	01txd901	1	1231	1231	684	684	0	0	
1589	1	01txd901	1	672	672	837	837	0	0	
1589	1	01txd901	1	809	809	907	907	0	0	
1589	1	01txd901	1	824	824	359	359	0	0	
1589	1	01txd901	1	700	700	284	284	0	0	
1589	1	01txd901	1	543	543	414	414	0	0	
1589	1	01txd902	1	620	620	377	377	0	0	
1589	1	01txd902	1	741	741	401	401	0	0	
1589	1	01txd902	1	247	247	519	519	0	0	
1589	1	01txd902	1	378	378	584	584	0	0	
1589	1	01txd902	1	299	299	628	628	0	0	
1589	1	01txd902	1	119	119	543	543	0	0	
1589	1	01txd902	1	426	426	484	484	0	0	
1589	1	01txd900	1	326	326	360	360	0	0	
										
										
1600	60	01gwgc01	5	280	687	750	941	1	0	第1波！开始进攻了，全力防守。
1600	60	01gwgc01	3	743	847	561	641	1	0	
1600	60	01gwgc01	3	976	1325	406	488	1	0	
1600	60	01gwgc01	3	1368	1503	530	630	1	0	
1600	60	01gwgc01	3	1819	1984	725	924	1	0	
1600	60	01gwgc01	3	701	831	990	1087	1	0	
1600	60	01gwgc16	1	280	687	750	941	1	0	
1600	60	01gwgc16	1	743	847	561	641	1	0	
1600	60	01gwgc16	1	976	1325	406	488	1	0	
1600	60	01gwgc16	1	1368	1503	530	630	1	0	
1600	60	01gwgc16	1	1819	1984	725	924	1	0	
1600	60	01gwgc16	1	701	831	990	1087	1	0	
1600	0	01gwgc02	5	280	687	750	941	2	0	第2波！盘古之灵率领他的部队正在攻击城市，速去支援！
1600	0	01gwgc02	3	743	847	561	641	2	0	
1600	0	01gwgc02	3	976	1325	406	488	2	0	
1600	0	01gwgc02	3	1368	1503	530	630	2	0	
1600	0	01gwgc02	3	1819	1984	725	924	2	0	
1600	0	01gwgc02	3	701	831	990	1087	2	0	
1600	0	01gwgc17	1	280	687	750	941	2	0	
1600	0	01gwgc17	1	743	847	561	641	2	0	
1600	0	01gwgc17	1	976	1325	406	488	2	0	
1600	0	01gwgc17	1	1368	1503	530	630	2	0	
1600	0	01gwgc17	1	1819	1984	725	924	2	0	
1600	0	01gwgc17	1	701	831	990	1087	2	0	
1600	0	01gwgc03	5	280	687	750	941	3	0	第3波！大批螭龙正在围攻我们，击退他们！
1600	0	01gwgc03	3	743	847	561	641	3	0	
1600	0	01gwgc03	3	976	1325	406	488	3	0	
1600	0	01gwgc03	3	1368	1503	530	630	3	0	
1600	0	01gwgc03	3	1819	1984	725	924	3	0	
1600	0	01gwgc03	3	701	831	990	1087	3	0	
1600	0	01gwgc18	1	280	687	750	941	3	0	
1600	0	01gwgc18	1	743	847	561	641	3	0	
1600	0	01gwgc18	1	976	1325	406	488	3	0	
1600	0	01gwgc18	1	1368	1503	530	630	3	0	
1600	0	01gwgc18	1	1819	1984	725	924	3	0	
1600	0	01gwgc18	1	701	831	990	1087	3	0	
1600	0	01gwgc03	4	1819	1984	725	924	3	0	
1600	0	01gwgc03	4	280	687	750	941	3	0	
1600	0	01gwgc18	1	743	847	561	641	3	0	
1600	0	01gwgc18	1	976	1325	406	488	3	0	
1600	0	01gwgc18	1	1368	1503	530	630	3	0	
1600	0	01gwgc04	5	280	687	750	941	4	0	第4波！蛟龙率领他的部队正在攻击城市，速去支援！
1600	0	01gwgc04	3	743	847	561	641	4	0	
1600	0	01gwgc04	3	976	1325	406	488	4	0	
1600	0	01gwgc04	3	1368	1503	530	630	4	0	
1600	0	01gwgc04	3	1819	1984	725	924	4	0	
1600	0	01gwgc04	3	701	831	990	1087	4	0	
1600	0	01gwgc19	1	280	687	750	941	4	0	
1600	0	01gwgc19	1	743	847	561	641	4	0	
1600	0	01gwgc19	1	976	1325	406	488	4	0	
1600	0	01gwgc19	1	1368	1503	530	630	4	0	
1600	0	01gwgc19	1	1819	1984	725	924	4	0	
1600	0	01gwgc19	1	701	831	990	1087	4	0	
1600	0	01gwgc05	5	280	687	750	941	5	0	第5波！大批九婴正在围攻我们，击退他们！
1600	0	01gwgc05	3	743	847	561	641	5	0	
1600	0	01gwgc05	3	976	1325	406	488	5	0	
1600	0	01gwgc05	3	1368	1503	530	630	5	0	
1600	0	01gwgc05	3	1819	1984	725	924	5	0	
1600	0	01gwgc05	3	701	831	990	1087	5	0	
1600	0	01gwgc20	1	280	687	750	941	5	0	
1600	0	01gwgc20	1	743	847	561	641	5	0	
1600	0	01gwgc20	1	976	1325	406	488	5	0	
1600	0	01gwgc20	1	1368	1503	530	630	5	0	
1600	0	01gwgc20	1	1819	1984	725	924	5	0	
1600	0	01gwgc20	1	701	831	990	1087	5	0	
1600	0	01gwgc06	5	280	687	750	941	6	0	第6波！穷奇率领他的部队正在攻击城市，速去支援！
1600	0	01gwgc06	3	743	847	561	641	6	0	
1600	0	01gwgc06	3	976	1325	406	488	6	0	
1600	0	01gwgc06	3	1368	1503	530	630	6	0	
1600	0	01gwgc06	3	1819	1984	725	924	6	0	
1600	0	01gwgc06	3	701	831	990	1087	6	0	
1600	0	01gwgc21	1	280	687	750	941	6	0	
1600	0	01gwgc21	1	743	847	561	641	6	0	
1600	0	01gwgc21	1	976	1325	406	488	6	0	
1600	0	01gwgc21	1	1368	1503	530	630	6	0	
1600	0	01gwgc21	1	1819	1984	725	924	6	0	
1600	0	01gwgc21	1	701	831	990	1087	6	0	
1600	0	01gwgc06	4	1819	1984	725	924	6	0	
1600	0	01gwgc06	4	280	687	750	941	6	0	
1600	0	01gwgc21	1	743	847	561	641	6	0	
1600	0	01gwgc21	1	976	1325	406	488	6	0	
1600	0	01gwgc21	1	1368	1503	530	630	6	0	
1600	0	01gwgc07	5	280	687	750	941	7	0	第7波！大批陆吾正在围攻我们，击退他们！
1600	0	01gwgc07	3	743	847	561	641	7	0	
1600	0	01gwgc07	3	976	1325	406	488	7	0	
1600	0	01gwgc07	3	1368	1503	530	630	7	0	
1600	0	01gwgc07	3	1819	1984	725	924	7	0	
1600	0	01gwgc07	3	701	831	990	1087	7	0	
1600	0	01gwgc22	1	280	687	750	941	7	0	
1600	0	01gwgc22	1	743	847	561	641	7	0	
1600	0	01gwgc22	1	976	1325	406	488	7	0	
1600	0	01gwgc22	1	1368	1503	530	630	7	0	
1600	0	01gwgc22	1	1819	1984	725	924	7	0	
1600	0	01gwgc22	1	701	831	990	1087	7	0	
1600	0	01gwgc08	5	280	687	750	941	8	0	第8波！南明离火剑灵率领他的部队正在攻击城市，速去支援！
1600	0	01gwgc08	3	743	847	561	641	8	0	
1600	0	01gwgc08	3	976	1325	406	488	8	0	
1600	0	01gwgc08	3	1368	1503	530	630	8	0	
1600	0	01gwgc08	3	1819	1984	725	924	8	0	
1600	0	01gwgc08	3	701	831	990	1087	8	0	
1600	0	01gwgc23	1	280	687	750	941	8	0	
1600	0	01gwgc23	1	743	847	561	641	8	0	
1600	0	01gwgc23	1	976	1325	406	488	8	0	
1600	0	01gwgc23	1	1368	1503	530	630	8	0	
1600	0	01gwgc23	1	1819	1984	725	924	8	0	
1600	0	01gwgc23	1	701	831	990	1087	8	0	
1600	0	01gwgc09	5	280	687	750	941	9	0	第9波！大批太乙金光剑守卫正在围攻我们，击退他们！
1600	0	01gwgc09	3	743	847	561	641	9	0	
1600	0	01gwgc09	3	976	1325	406	488	9	0	
1600	0	01gwgc09	3	1368	1503	530	630	9	0	
1600	0	01gwgc09	3	1819	1984	725	924	9	0	
1600	0	01gwgc09	3	701	831	990	1087	9	0	
1600	0	01gwgc24	1	280	687	750	941	9	0	
1600	0	01gwgc24	1	743	847	561	641	9	0	
1600	0	01gwgc24	1	976	1325	406	488	9	0	
1600	0	01gwgc24	1	1368	1503	530	630	9	0	
1600	0	01gwgc24	1	1819	1984	725	924	9	0	
1600	0	01gwgc24	1	701	831	990	1087	9	0	
1600	0	01gwgc09	4	1819	1984	725	924	9	0	
1600	0	01gwgc09	4	280	687	750	941	9	0	
1600	0	01gwgc24	1	743	847	561	641	9	0	
1600	0	01gwgc24	1	976	1325	406	488	9	0	
1600	0	01gwgc24	1	1368	1503	530	630	9	0	
1600	0	01gwgc10	5	280	687	750	941	10	0	第10波！乌光玄铁剑守卫率领他的部队正在攻击城市，速去支援！
1600	0	01gwgc10	3	743	847	561	641	10	0	
1600	0	01gwgc10	3	976	1325	406	488	10	0	
1600	0	01gwgc10	3	1368	1503	530	630	10	0	
1600	0	01gwgc10	3	1819	1984	725	924	10	0	
1600	0	01gwgc10	3	701	831	990	1087	10	0	
1600	0	01gwgc25	1	280	687	750	941	10	0	
1600	0	01gwgc25	1	743	847	561	641	10	0	
1600	0	01gwgc25	1	976	1325	406	488	10	0	
1600	0	01gwgc25	1	1368	1503	530	630	10	0	
1600	0	01gwgc25	1	1819	1984	725	924	10	0	
1600	0	01gwgc25	1	701	831	990	1087	10	0	
1600	0	01gwgc11	5	280	687	750	941	11	0	第11波！大批浪人看守正在围攻我们，击退他们！
1600	0	01gwgc11	3	743	847	561	641	11	0	
1600	0	01gwgc11	3	976	1325	406	488	11	0	
1600	0	01gwgc11	3	1368	1503	530	630	11	0	
1600	0	01gwgc11	3	1819	1984	725	924	11	0	
1600	0	01gwgc11	3	701	831	990	1087	11	0	
1600	0	01gwgc26	1	280	687	750	941	11	0	
1600	0	01gwgc26	1	743	847	561	641	11	0	
1600	0	01gwgc26	1	976	1325	406	488	11	0	
1600	0	01gwgc26	1	1368	1503	530	630	11	0	
1600	0	01gwgc26	1	1819	1984	725	924	11	0	
1600	0	01gwgc26	1	701	831	990	1087	11	0	
1600	0	01gwgc12	5	280	687	750	941	12	0	第12波！三阴绝脉剑看守率领他的部队正在攻击城市，速去支援！
1600	0	01gwgc12	3	743	847	561	641	12	0	
1600	0	01gwgc12	3	976	1325	406	488	12	0	
1600	0	01gwgc12	3	1368	1503	530	630	12	0	
1600	0	01gwgc12	3	1819	1984	725	924	12	0	
1600	0	01gwgc12	3	701	831	990	1087	12	0	
1600	0	01gwgc27	1	280	687	750	941	12	0	
1600	0	01gwgc27	1	743	847	561	641	12	0	
1600	0	01gwgc27	1	976	1325	406	488	12	0	
1600	0	01gwgc27	1	1368	1503	530	630	12	0	
1600	0	01gwgc27	1	1819	1984	725	924	12	0	
1600	0	01gwgc27	1	701	831	990	1087	12	0	
1600	0	01gwgc12	4	1819	1984	725	924	12	0	
1600	0	01gwgc12	4	280	687	750	941	12	0	
1600	0	01gwgc27	1	743	847	561	641	12	0	
1600	0	01gwgc27	1	976	1325	406	488	12	0	
1600	0	01gwgc27	1	1368	1503	530	630	12	0	
1600	0	01gwgc13	5	280	687	750	941	13	0	第13波！七星盘龙剑守卫从城市下方攻入了城市，必须阻止他！
1600	0	01gwgc13	3	743	847	561	641	13	0	
1600	0	01gwgc13	3	976	1325	406	488	13	0	
1600	0	01gwgc13	3	1368	1503	530	630	13	0	
1600	0	01gwgc13	3	1819	1984	725	924	13	0	
1600	0	01gwgc13	3	701	831	990	1087	13	0	
1600	0	01gwgc28	1	280	687	750	941	13	0	
1600	0	01gwgc28	1	743	847	561	641	13	0	
1600	0	01gwgc28	1	976	1325	406	488	13	0	
1600	0	01gwgc28	1	1368	1503	530	630	13	0	
1600	0	01gwgc28	1	1819	1984	725	924	13	0	
1600	0	01gwgc28	1	701	831	990	1087	13	0	
1600	0	01gwgc14	5	280	687	750	941	14	0	第14波！七星盘龙剑侍卫率领他的部队正在攻击城市，速去支援！
1600	0	01gwgc14	3	743	847	561	641	14	0	
1600	0	01gwgc14	3	976	1325	406	488	14	0	
1600	0	01gwgc14	3	1368	1503	530	630	14	0	
1600	0	01gwgc14	3	1819	1984	725	924	14	0	
1600	0	01gwgc14	3	701	831	990	1087	14	0	
1600	0	01gwgc29	1	280	687	750	941	14	0	
1600	0	01gwgc29	1	743	847	561	641	14	0	
1600	0	01gwgc29	1	976	1325	406	488	14	0	
1600	0	01gwgc29	1	1368	1503	530	630	14	0	
1600	0	01gwgc29	1	1819	1984	725	924	14	0	
1600	0	01gwgc29	1	701	831	990	1087	14	0	
1600	0	01gwgc15	5	280	687	750	941	15	0	最后一波！！
1600	0	01gwgc15	3	743	847	561	641	15	0	
1600	0	01gwgc15	3	976	1325	406	488	15	0	
1600	0	01gwgc15	3	1368	1503	530	630	15	0	
1600	0	01gwgc15	3	1819	1984	725	924	15	0	
1600	0	01gwgc15	3	701	831	990	1087	15	0	
1600	0	01gwgc30	1	280	687	750	941	15	0	
1600	0	01gwgc30	1	743	847	561	641	15	0	
1600	0	01gwgc30	1	976	1325	406	488	15	0	
1600	0	01gwgc30	1	1368	1503	530	630	15	0	
1600	0	01gwgc30	1	1819	1984	725	924	15	0	
1600	0	01gwgc30	1	701	831	990	1087	15	0	
1600	0	01gwgc15	4	1819	1984	725	924	15	0	
1600	0	01gwgc15	4	280	687	750	941	15	0	
1600	0	01gwgc30	1	743	847	561	641	15	0	
1600	0	01gwgc30	1	976	1325	406	488	15	0	
1600	0	01gwgc30	1	1368	1503	530	630	15	0	
1600	0	01gwgc31	1	1190	1190	820	820	15	1	
										
1701	0	01dtm001	1	490	490	447	447	1	1	
1702	0	01dtm002	1	490	490	447	447	1	1	
1703	0	01dtm003	1	490	490	447	447	1	1	
1704	0	01dtm004	1	490	490	447	447	1	1	
1705	0	01dtm005	1	490	490	447	447	1	1	
1706	0	01dtm006	1	490	490	447	447	1	1	
1707	0	01dtm007	1	490	490	447	447	1	1	
1708	0	01dtm008	1	490	490	447	447	1	1	
1709	0	01dtm009	1	490	490	447	447	1	1	
1710	0	01dtm010	1	490	490	447	447	1	1	
1711	0	01dtm011	1	490	490	447	447	1	1	
1712	0	01dtm012	1	490	490	447	447	1	1	
										
1721	0	01ntm001	1	490	490	447	447	1	1	
1722	0	01ntm002	1	490	490	447	447	1	1	
1723	0	01ntm003	1	490	490	447	447	1	1	
1724	0	01ntm004	1	490	490	447	447	1	1	
1725	0	01ntm005	1	490	490	447	447	1	1	
1726	0	01ntm006	1	490	490	447	447	1	1	
1727	0	01ntm007	1	490	490	447	447	1	1	
1728	0	01ntm008	1	490	490	447	447	1	1	
1729	0	01ntm009	1	490	490	447	447	1	1	
1730	0	01ntm010	1	490	490	447	447	1	1	
1731	0	01ntm011	1	490	490	447	447	1	1	
1732	0	01ntm012	1	490	490	447	447	1	1	
										
1741	0	01xtm001	1	490	490	447	447	1	1	
1742	0	01xtm002	1	490	490	447	447	1	1	
1743	0	01xtm003	1	490	490	447	447	1	1	
1744	0	01xtm004	1	490	490	447	447	1	1	
1745	0	01xtm005	1	490	490	447	447	1	1	
1746	0	01xtm006	1	490	490	447	447	1	1	
1747	0	01xtm007	1	490	490	447	447	1	1	
1748	0	01xtm008	1	490	490	447	447	1	1	
1749	0	01xtm009	1	490	490	447	447	1	1	
1750	0	01xtm010	1	490	490	447	447	1	1	
1751	0	01xtm011	1	490	490	447	447	1	1	
1752	0	01xtm012	1	490	490	447	447	1	1	
										
1761	0	01btm001	1	490	490	447	447	1	1	
1762	0	01btm002	1	490	490	447	447	1	1	
1763	0	01btm003	1	490	490	447	447	1	1	
1764	0	01btm004	1	490	490	447	447	1	1	
1765	0	01btm005	1	490	490	447	447	1	1	
1766	0	01btm006	1	490	490	447	447	1	1	
1767	0	01btm007	1	490	490	447	447	1	1	
1768	0	01btm008	1	490	490	447	447	1	1	
1769	0	01btm009	1	490	490	447	447	1	1	
1770	0	01btm010	1	490	490	447	447	1	1	
1771	0	01btm011	1	490	490	447	447	1	1	
1772	0	01btm012	1	490	490	447	447	1	1	
										
1773	0	01fbxbhm046	1	474	474	603	603	1	0	通过行者孙试炼，可大幅提升法宝实力！定海神针法力范围内，所有妖孽将被大幅削弱！
1774	0	01n029	0	88	88	215	215	1	0	在NPC身上接取任务后，传送进不周山各界完成任务！点击看守查看BOSS攻略
										
1775	0	01guoqingxg001	1	758	758	458	458	1		乾为天刷新，优先消灭召唤出来的小怪！
1775	0	01guoqingxg002	1	758	758	458	458	2		坤为地刷新，躲开他的大范围伤害技能！
1775	0	01guoqingxg003	1	407	407	646	646	3		震为雷刷新，不停切换BOSS来进行攻击！
1775	0	01guoqingxg004	1	1088	1088	308	308	3		
1775	0	01guoqingxg005	1	407	407	646	646	4		巽为风刷新，将三个BOSS拉开，分散攻击！
1775	0	01guoqingxg006	1	1088	1088	308	308	4		
1775	0	01guoqingxg007	1	407	407	305	305	4		
1775	0	01guoqingxg009	1	758	758	458	458	5		艮为山刷新，最后击杀艮为山之子，召唤出不周山之主！
										
1776	0	01xiuxian001	1	800	800	533	533	1	1	注意躲开筑基卫士的范围大招
1777	0	01xiuxian002	1	800	800	533	533	1	1	注意躲开筑基长老的范围大招
1777	0	01xiuxianxg002	1	545	545	416	416	1	1	
1777	0	01xiuxianxg002	1	1031	1031	416	416	1	1	
1778	0	01xiuxian003	1	800	800	533	533	1	1	注意躲开筑基星宿的范围大招
1778	0	01xiuxianxg003	1	545	545	416	416	1	1	
1778	0	01xiuxianxg003	1	1031	1031	416	416	1	1	
1778	0	01xiuxianxg003	1	710	710	347	347	1	1	
1778	0	01xiuxianxg003	1	886	886	347	347	1	1	
										
1779	0	01xiuxian004	1	800	800	533	533	1	1	快速击败星灵，会是一个不错的选择
1780	0	01xiuxian005	1	800	800	533	533	1	1	快速击败星灵，会是一个不错的选择
1781	0	01xiuxian006	1	800	800	533	533	1	1	快速击败星灵，会是一个不错的选择
										
1782	0	01xiuxian007	1	800	800	533	533	1	1	无视受到的伤害，猛烈输出，是取得最佳成绩的方法
1783	0	01xiuxian008	1	800	800	533	533	1	1	无视受到的伤害，猛烈输出，是取得最佳成绩的方法
1784	0	01xiuxian009	1	800	800	533	533	1	1	无视受到的伤害，猛烈输出，是取得最佳成绩的方法
										
1785	0	01xiuxian010	1	383	383	390	390	1	1	是让boss持续回血，还是抵御更猛烈的攻击？这是一个选择
1786	0	01xiuxian011	1	383	383	390	390	1	1	是让boss持续回血，还是抵御更猛烈的攻击？这是一个选择
1787	0	01xiuxian012	1	383	383	390	390	1	1	是让boss持续回血，还是抵御更猛烈的攻击？这是一个选择
										
1788	0	01xiuxian013	1	383	383	390	390	1	1	快速击败星灵，否则你将没有任何攻击与防御
1789	0	01xiuxian014	1	383	383	390	390	1	1	快速击败星灵，否则你将没有任何攻击与防御
1790	0	01xiuxian015	1	383	383	390	390	1	1	快速击败星灵，否则你将没有任何攻击与防御
										
1791	0	01xiuxian016	1	383	383	390	390	1	1	避其锋锐，不失为上策
1792	0	01xiuxian017	1	383	383	390	390	1	1	避其锋锐，不失为上策
1793	0	01xiuxian018	1	383	383	390	390	1	1	避其锋锐，不失为上策
										
1794	0	01xiuxian019	1	915	915	553	553	1	1	星灵无视攻击，蓄力后海量伤害，只能边跑边打
1795	0	01xiuxian020	1	915	915	553	553	1	1	星灵无视攻击，蓄力后海量伤害，只能边跑边打
1796	0	01xiuxian021	1	915	915	553	553	1	1	星灵无视攻击，蓄力后海量伤害，只能边跑边打
										
1797	0	01xiuxian022	1	1062	1062	625	625	1	1	在关键时刻击败星灵，获得防御加成，方能保命
1797	0	01xiuxianxg025	1	535	535	788	788	1	0	
1797	0	01xiuxianxg025	1	715	715	879	879	1	0	
1797	0	01xiuxianxg025	1	1325	1325	410	410	1	0	
1797	0	01xiuxianxg025	1	1511	1511	503	503	1	0	
1797	0	01xiuxianxg025	1	655	655	445	445	1	0	
1797	0	01xiuxianxg025	1	769	769	393	393	1	0	
1798	0	01xiuxian023	1	1062	1062	625	625	1	1	在关键时刻击败星灵，获得防御加成，方能保命
1798	0	01xiuxianxg026	1	535	535	788	788	1	0	
1798	0	01xiuxianxg026	1	715	715	879	879	1	0	
1798	0	01xiuxianxg026	1	1325	1325	410	410	1	0	
1798	0	01xiuxianxg026	1	1511	1511	503	503	1	0	
1798	0	01xiuxianxg026	1	655	655	445	445	1	0	
1798	0	01xiuxianxg026	1	769	769	393	393	1	0	
1799	0	01xiuxian024	1	1062	1062	625	625	1	1	在关键时刻击败星灵，获得防御加成，方能保命
1799	0	01xiuxianxg027	1	535	535	788	788	1	0	
1799	0	01xiuxianxg027	1	715	715	879	879	1	0	
1799	0	01xiuxianxg027	1	1325	1325	410	410	1	0	
1799	0	01xiuxianxg027	1	1511	1511	503	503	1	0	
1799	0	01xiuxianxg027	1	655	655	445	445	1	0	
1799	0	01xiuxianxg027	1	769	769	393	393	1	0	
										
1800	0	01xiuxian025	1	1062	1062	625	625	1	0	一夫当关，万夫莫敌
1801	0	01xiuxian026	1	1062	1062	625	625	1	0	一夫当关，万夫莫敌
1802	0	01xiuxian027	1	1062	1062	625	625	1	0	一夫当关，万夫莫敌
										
										
4001	0	01xg001	1	611	1024	545	763	1	1	极冰天下！
4002	0	01xg001	1	200	200	567	567	1	0	站住！
4002	0	01xg001	1	607	607	367	367	1	0	站住！
4002	0	01xg001	1	402	402	462	462	2	1	何人胆敢擅闯军械库
4013	0	01xg024	5	1113	1355	935	1120	1	1	嘶嘶~
4005	0	01xg001	1	200	200	567	567	1	0	谁也不许打扰伯爵大人休息
4005	0	01xg001	1	607	607	367	367	1	0	谁也不许打扰伯爵大人休息
4005	0	01xg001	1	402	402	462	462	2	1	看高贵的我来处理你
4006	0	01xg001	1	200	200	567	567	1	0	军团禁地，杀无赦
4006	0	01xg001	1	607	607	367	367	1	0	军团禁地，杀无赦
4006	0	01xg001	1	402	402	462	462	1	1	军团禁地，杀无赦
4007	0	01xg001	1	259	612	364	566	1	1	哼~吼！
4008	0	01xg001	3	261	396	538	534	1	0	牙口好，吃铁矿！
4009	0	01xg001	1	410	464	410	464	1	1	这是哪里？你是谁？……杀！！！
4010	0	01xg001	1	410	464	410	464	1	1	我绝不容许别人侵犯我的地位！！
4011	0	01xg001	1	410	464	410	464	1	1	坚硬如我，金刚不坏。
4012	0	01xg001	1	200	200	567	567	1	0	灵魂不死，护卫不止
4012	0	01xg001	1	607	607	367	367	1	0	灵魂不死，护卫不止
4014	0	01xg001	1	510	510	411	411	1	1	谁敢扰吾清静！
4013	0	01xg002	1	1756	1756	1474	1474	1	1	嗷~
4014	0	01xg005	1	436	436	460	460	1	1	哼唧~哼唧~