skillId	name	level	iconId	effectId	actionId	musicId	shockRate	learnType	buffUse	skillApplyType	skillEffectType	hp	mp	cd	minUseRange	maxUseRange	serverTargetType	clientTargetType	angerValue	triggerPassive	useGlobalCd	hitChange	critChange	attackType	prepareArg	hatredPercent	hatredAdd	affectSkills	desc
技能ID	技能名字	等级	图标ID	效果ID	动作ID	声音Id	震动几率\n100=100%	技能获得方式\n[0出生就会|1学习|2变身]	是否为BUFF触发技能\n[0否|1是]	技能类型\n[0主|1被]	技能效果类型 （如果只加buff填2）\n[0物理|1法术|2其他]	消耗hp[int]	消耗mp[int]	cd(单位毫秒)	最小释放距离	最大释放距离	目标类型\n[0任意|1敌方|2己方]	客户端目标类型\n[0任意|1敌方|2友方|3自己]\n自己不会去判断施法距离，适合以自己为中心的群攻\n任意如果有目标则会判断距离，如果没目标则会直接释放（如果在攻击类型中选择加血，则如果选择地方就不会再判断距离，直接给自己释放技能）	获得气力值	是否触发被动技能效果(是否会触发双方的)\n[0否 1是]	是否公用公共cd\n[0否 1是]	命中修正[int]\n（100=1%）	暴击修正[int]\n（100=1%）	攻击类型[0默认|1普通攻击|2冲锋|3闪现|4复活|5加血]	预留参数	仇恨百分比[int]\n（1=1%）	额外附加仇恨	被动技能影响主动技能的id表(CD、耗蓝、耗HP、攻击距离、预留参数；用,分割；影响全部填-1)	说明
20001	怪物近战普攻	1		0	2			0	0	0	0	0	0	1000	0	100	1	1		0	0	0	0	1		100	1		普攻
20002	怪物远战普攻	1		0	2			0	0	0	0	0	0	1000	0	320	1	1		0	0	0	0	1		100	1		普攻
11100	普攻	1		104	2			0	0	0	0	0	0	1000	0	100	1	1		1	0	0	0	1		100	1		普通攻击对目标造成100%攻击伤害
11101	气诀斩	1	0	109	2	170		1	0	0	0	0	100	2000	0	100	1	1		1	1	0	0	0		100	1		聚全身真气对目标造成103%攻击伤害，附加10点神圣伤害
11101	气诀斩	2	0	109	2	170		1	0	0	0	0	100	2000	0	100	1	1		1	1	0	0	0		100	1		聚全身真气对目标造成106%攻击伤害，附加20点神圣伤害
11101	气诀斩	3	0	109	2	170		1	0	0	0	0	100	2000	0	100	1	1		1	1	0	0	0		100	1		聚全身真气对目标造成109%攻击伤害，附加30点神圣伤害
11101	气诀斩	4	0	109	2	170		1	0	0	0	0	100	2000	0	100	1	1		1	1	0	0	0		100	1		聚全身真气对目标造成112%攻击伤害，附加40点神圣伤害
11101	气诀斩	5	0	109	2	170		1	0	0	0	0	100	2000	0	100	1	1		1	1	0	0	0		100	1		聚全身真气对目标造成115%攻击伤害，附加50点神圣伤害
11101	气诀斩	6	0	109	2	170		1	0	0	0	0	100	2000	0	100	1	1		1	1	0	0	0		100	1		聚全身真气对目标造成118%攻击伤害，附加60点神圣伤害
11101	气诀斩	7	0	109	2	170		1	0	0	0	0	100	2000	0	100	1	1		1	1	0	0	0		100	1		聚全身真气对目标造成121%攻击伤害，附加70点神圣伤害
11101	气诀斩	8	0	109	2	170		1	0	0	0	0	100	2000	0	100	1	1		1	1	0	0	0		100	1		聚全身真气对目标造成124%攻击伤害，附加80点神圣伤害
11101	气诀斩	9	0	109	2	170		1	0	0	0	0	100	2000	0	100	1	1		1	1	0	0	0		100	1		聚全身真气对目标造成127%攻击伤害，附加90点神圣伤害
11101	气诀斩	10	0	109	2	170		1	0	0	0	0	100	2000	0	100	1	1		1	1	0	0	0		100	1		聚全身真气对目标造成130%攻击伤害，附加100点神圣伤害
11102	碎地斩	1	1	103	2	157	50	1	0	0	0	0	300	6000	0	100	1	1		1	1	0	0	0		100	1		以盘古开天之力对目标周围3米范围造成91%攻击伤害，附加25点直接伤害。
11102	碎地斩	2	1	103	2	157	50	1	0	0	0	0	300	6000	0	100	1	1		1	1	0	0	0		100	1		以盘古开天之力对目标周围3米范围造成92%攻击伤害，附加50点直接伤害。
11102	碎地斩	3	1	103	2	157	50	1	0	0	0	0	300	6000	0	100	1	1		1	1	0	0	0		100	1		以盘古开天之力对目标周围3米范围造成93%攻击伤害，附加75点直接伤害。
11102	碎地斩	4	1	103	2	157	50	1	0	0	0	0	300	6000	0	100	1	1		1	1	0	0	0		100	1		以盘古开天之力对目标周围3米范围造成94%攻击伤害，附加100点直接伤害。
11102	碎地斩	5	1	103	2	157	50	1	0	0	0	0	300	6000	0	100	1	1		1	1	0	0	0		100	1		以盘古开天之力对目标周围3米范围造成95%攻击伤害，附加125点直接伤害。
11102	碎地斩	6	1	103	2	157	50	1	0	0	0	0	300	6000	0	100	1	1		1	1	0	0	0		100	1		以盘古开天之力对目标周围3米范围造成96%攻击伤害，附加150点直接伤害。
11102	碎地斩	7	1	103	2	157	50	1	0	0	0	0	300	6000	0	100	1	1		1	1	0	0	0		100	1		以盘古开天之力对目标周围3米范围造成97%攻击伤害，附加175点直接伤害。
11102	碎地斩	8	1	103	2	157	50	1	0	0	0	0	300	6000	0	100	1	1		1	1	0	0	0		100	1		以盘古开天之力对目标周围3米范围造成98%攻击伤害，附加200点直接伤害。
11102	碎地斩	9	1	103	2	157	50	1	0	0	0	0	300	6000	0	100	1	1		1	1	0	0	0		100	1		以盘古开天之力对目标周围3米范围造成99%攻击伤害，附加225点直接伤害。
11102	碎地斩	10	1	103	2	157	50	1	0	0	0	0	300	6000	0	100	1	1		1	1	0	0	0		100	1		以盘古开天之力对目标周围3米范围造成100%攻击伤害，附加250点直接伤害。
11103	冲锋	1	2	105	4	158	100	1	0	0	0	0	400	8000	0	400	1	1		1	1	0	0	2	400	100	1		快速的冲向对方，对目标造成155%攻击伤害，附加110点直接伤害，并有55%几率让目标减速4秒
11103	冲锋	2	2	105	4	158	100	1	0	0	0	0	400	8000	0	400	1	1		1	1	0	0	2	400	100	1		快速的冲向对方，对目标造成160%攻击伤害，附加120点直接伤害，并有60%几率让目标减速4秒
11103	冲锋	3	2	105	4	158	100	1	0	0	0	0	400	8000	0	400	1	1		1	1	0	0	2	400	100	1		快速的冲向对方，对目标造成165%攻击伤害，附加130点直接伤害，并有65%几率让目标减速4秒
11103	冲锋	4	2	105	4	158	100	1	0	0	0	0	400	8000	0	400	1	1		1	1	0	0	2	400	100	1		快速的冲向对方，对目标造成170%攻击伤害，附加140点直接伤害，并有70%几率让目标减速4秒
11103	冲锋	5	2	105	4	158	100	1	0	0	0	0	400	8000	0	400	1	1		1	1	0	0	2	400	100	1		快速的冲向对方，对目标造成175%攻击伤害，附加150点直接伤害，并有75%几率让目标减速4秒
11103	冲锋	6	2	105	4	158	100	1	0	0	0	0	400	8000	0	400	1	1		1	1	0	0	2	400	100	1		快速的冲向对方，对目标造成180%攻击伤害，附加160点直接伤害，并有80%几率让目标减速4秒
11103	冲锋	7	2	105	4	158	100	1	0	0	0	0	400	8000	0	400	1	1		1	1	0	0	2	400	100	1		快速的冲向对方，对目标造成185%攻击伤害，附加170点直接伤害，并有85%几率让目标减速4秒
11103	冲锋	8	2	105	4	158	100	1	0	0	0	0	400	8000	0	400	1	1		1	1	0	0	2	400	100	1		快速的冲向对方，对目标造成190%攻击伤害，附加180点直接伤害，并有90%几率让目标减速4秒
11103	冲锋	9	2	105	4	158	100	1	0	0	0	0	400	8000	0	400	1	1		1	1	0	0	2	400	100	1		快速的冲向对方，对目标造成195%攻击伤害，附加190点直接伤害，并有95%几率让目标减速4秒
11103	冲锋	10	2	105	4	158	100	1	0	0	0	0	400	8000	0	400	1	1		1	1	0	0	2	400	100	1		快速的冲向对方，对目标造成200%攻击伤害，附加200点直接伤害，并有100%几率让目标减速4秒
11104	鬼斩破	1	3	102	2	159	100	1	0	0	0	0	750	15000	0	100	1	1		1	1	0	0	0		100	1		借助上古鬼神契约的能量，对目标造成210%攻击伤害，附加550点直接伤害，并让目标持续流血6秒，每秒承受50点神圣伤害
11104	鬼斩破	2	3	102	2	159	100	1	0	0	0	0	750	15000	0	100	1	1		1	1	0	0	0		100	1		借助上古鬼神契约的能量，对目标造成220%攻击伤害，附加600点直接伤害，并让目标持续流血6秒，每秒承受100点神圣伤害
11104	鬼斩破	3	3	102	2	159	100	1	0	0	0	0	750	15000	0	100	1	1		1	1	0	0	0		100	1		借助上古鬼神契约的能量，对目标造成230%攻击伤害，附加650点直接伤害，并让目标持续流血6秒，每秒承受150点神圣伤害
11104	鬼斩破	4	3	102	2	159	100	1	0	0	0	0	750	15000	0	100	1	1		1	1	0	0	0		100	1		借助上古鬼神契约的能量，对目标造成240%攻击伤害，附加700点直接伤害，并让目标持续流血6秒，每秒承受200点神圣伤害
11104	鬼斩破	5	3	102	2	159	100	1	0	0	0	0	750	15000	0	100	1	1		1	1	0	0	0		100	1		借助上古鬼神契约的能量，对目标造成250%攻击伤害，附加750点直接伤害，并让目标持续流血6秒，每秒承受250点神圣伤害
11104	鬼斩破	6	3	102	2	159	100	1	0	0	0	0	750	15000	0	100	1	1		1	1	0	0	0		100	1		借助上古鬼神契约的能量，对目标造成260%攻击伤害，附加800点直接伤害，并让目标持续流血6秒，每秒承受300点神圣伤害
11104	鬼斩破	7	3	102	2	159	100	1	0	0	0	0	750	15000	0	100	1	1		1	1	0	0	0		100	1		借助上古鬼神契约的能量，对目标造成270%攻击伤害，附加850点直接伤害，并让目标持续流血6秒，每秒承受350点神圣伤害
11104	鬼斩破	8	3	102	2	159	100	1	0	0	0	0	750	15000	0	100	1	1		1	1	0	0	0		100	1		借助上古鬼神契约的能量，对目标造成280%攻击伤害，附加900点直接伤害，并让目标持续流血6秒，每秒承受400点神圣伤害
11104	鬼斩破	9	3	102	2	159	100	1	0	0	0	0	750	15000	0	100	1	1		1	1	0	0	0		100	1		借助上古鬼神契约的能量，对目标造成290%攻击伤害，附加950点直接伤害，并让目标持续流血6秒，每秒承受450点神圣伤害
11104	鬼斩破	10	3	102	2	159	100	1	0	0	0	0	750	15000	0	100	1	1		1	1	0	0	0		100	1		借助上古鬼神契约的能量，对目标造成300%攻击伤害，附加1000点直接伤害，并让目标持续流血6秒，每秒承受500点神圣伤害
11000	龙神附体	1	4		2			1	0	1	0	0	0	0	0	0				0	0								永久提升自身生命值上限35
11000	龙神附体	2	4		2			1	0	1	0	0	0	0	0	0				0	0								永久提升自身生命值上限70
11000	龙神附体	3	4		2			1	0	1	0	0	0	0	0	0				0	0								永久提升自身生命值上限105
11000	龙神附体	4	4		2			1	0	1	0	0	0	0	0	0				0	0								永久提升自身生命值上限140
11000	龙神附体	5	4		2			1	0	1	0	0	0	0	0	0				0	0								永久提升自身生命值上限175
11000	龙神附体	6	4		2			1	0	1	0	0	0	0	0	0				0	0								永久提升自身生命值上限221
11000	龙神附体	7	4		2			1	0	1	0	0	0	0	0	0				0	0								永久提升自身生命值上限267
11000	龙神附体	8	4		2			1	0	1	0	0	0	0	0	0				0	0								永久提升自身生命值上限313
11000	龙神附体	9	4		2			1	0	1	0	0	0	0	0	0				0	0								永久提升自身生命值上限359
11000	龙神附体	10	4		2			1	0	1	0	0	0	0	0	0				0	0								永久提升自身生命值上限405
11000	龙神附体	11	4		2			1	0	1	0	0	0	0	0	0				0	0								永久提升自身生命值上限463
11000	龙神附体	12	4		2			1	0	1	0	0	0	0	0	0				0	0								永久提升自身生命值上限521
11000	龙神附体	13	4		2			1	0	1	0	0	0	0	0	0				0	0								永久提升自身生命值上限579
11000	龙神附体	14	4		2			1	0	1	0	0	0	0	0	0				0	0								永久提升自身生命值上限637
11000	龙神附体	15	4		2			1	0	1	0	0	0	0	0	0				0	0								永久提升自身生命值上限695
11000	龙神附体	16	4		2			1	0	1	0	0	0	0	0	0				0	0								永久提升自身生命值上限764
11000	龙神附体	17	4		2			1	0	1	0	0	0	0	0	0				0	0								永久提升自身生命值上限833
11000	龙神附体	18	4		2			1	0	1	0	0	0	0	0	0				0	0								永久提升自身生命值上限902
11000	龙神附体	19	4		2			1	0	1	0	0	0	0	0	0				0	0								永久提升自身生命值上限971
11000	龙神附体	20	4		2			1	0	1	0	0	0	0	0	0				0	0								永久提升自身生命值上限1040
11000	龙神附体	21	4		2			1	0	1	0	0	0	0	0	0				0	0								永久提升自身生命值上限1121
11000	龙神附体	22	4		2			1	0	1	0	0	0	0	0	0				0	0								永久提升自身生命值上限1202
11000	龙神附体	23	4		2			1	0	1	0	0	0	0	0	0				0	0								永久提升自身生命值上限1283
11000	龙神附体	24	4		2			1	0	1	0	0	0	0	0	0				0	0								永久提升自身生命值上限1364
11000	龙神附体	25	4		2			1	0	1	0	0	0	0	0	0				0	0								永久提升自身生命值上限1445
11000	龙神附体	26	4		2			1	0	1	0	0	0	0	0	0				0	0								永久提升自身生命值上限1537
11000	龙神附体	27	4		2			1	0	1	0	0	0	0	0	0				0	0								永久提升自身生命值上限1629
11000	龙神附体	28	4		2			1	0	1	0	0	0	0	0	0				0	0								永久提升自身生命值上限1721
11000	龙神附体	29	4		2			1	0	1	0	0	0	0	0	0				0	0								永久提升自身生命值上限1813
11000	龙神附体	30	4		2			1	0	1	0	0	0	0	0	0				0	0								永久提升自身生命值上限1905
11000	龙神附体	31	4		2			1	0	1	0	0	0	0	0	0				0	0								永久提升自身生命值上限2009
11000	龙神附体	32	4		2			1	0	1	0	0	0	0	0	0				0	0								永久提升自身生命值上限2113
11000	龙神附体	33	4		2			1	0	1	0	0	0	0	0	0				0	0								永久提升自身生命值上限2217
11000	龙神附体	34	4		2			1	0	1	0	0	0	0	0	0				0	0								永久提升自身生命值上限2321
11000	龙神附体	35	4		2			1	0	1	0	0	0	0	0	0				0	0								永久提升自身生命值上限2425
11000	龙神附体	36	4		2			1	0	1	0	0	0	0	0	0				0	0								永久提升自身生命值上限2540
11000	龙神附体	37	4		2			1	0	1	0	0	0	0	0	0				0	0								永久提升自身生命值上限2655
11000	龙神附体	38	4		2			1	0	1	0	0	0	0	0	0				0	0								永久提升自身生命值上限2770
11000	龙神附体	39	4		2			1	0	1	0	0	0	0	0	0				0	0								永久提升自身生命值上限2885
11000	龙神附体	40	4		2			1	0	1	0	0	0	0	0	0				0	0								永久提升自身生命值上限3000
11000	龙神附体	41	4		2			1	0	1	0	0	0	0	0	0				0	0								永久提升自身生命值上限3127
11000	龙神附体	42	4		2			1	0	1	0	0	0	0	0	0				0	0								永久提升自身生命值上限3254
11000	龙神附体	43	4		2			1	0	1	0	0	0	0	0	0				0	0								永久提升自身生命值上限3381
11000	龙神附体	44	4		2			1	0	1	0	0	0	0	0	0				0	0								永久提升自身生命值上限3508
11000	龙神附体	45	4		2			1	0	1	0	0	0	0	0	0				0	0								永久提升自身生命值上限3635
11000	龙神附体	46	4		2			1	0	1	0	0	0	0	0	0				0	0								永久提升自身生命值上限3773
11000	龙神附体	47	4		2			1	0	1	0	0	0	0	0	0				0	0								永久提升自身生命值上限3911
11000	龙神附体	48	4		2			1	0	1	0	0	0	0	0	0				0	0								永久提升自身生命值上限4049
11000	龙神附体	49	4		2			1	0	1	0	0	0	0	0	0				0	0								永久提升自身生命值上限4187
11000	龙神附体	50	4		2			1	0	1	0	0	0	0	0	0				0	0								永久提升自身生命值上限4325
11001	真龙吟	1	5		2			1	0	1	0									0									永久提升自身防御力2
11001	真龙吟	2	5		2			1	0	1	0									0									永久提升自身防御力4
11001	真龙吟	3	5		2			1	0	1	0									0									永久提升自身防御力6
11001	真龙吟	4	5		2			1	0	1	0									0									永久提升自身防御力8
11001	真龙吟	5	5		2			1	0	1	0									0									永久提升自身防御力10
11001	真龙吟	6	5		2			1	0	1	0									0									永久提升自身防御力12
11001	真龙吟	7	5		2			1	0	1	0									0									永久提升自身防御力14
11001	真龙吟	8	5		2			1	0	1	0									0									永久提升自身防御力16
11001	真龙吟	9	5		2			1	0	1	0									0									永久提升自身防御力18
11001	真龙吟	10	5		2			1	0	1	0									0									永久提升自身防御力20
11001	真龙吟	11	5		2			1	0	1	0									0									永久提升自身防御力23
11001	真龙吟	12	5		2			1	0	1	0									0									永久提升自身防御力26
11001	真龙吟	13	5		2			1	0	1	0									0									永久提升自身防御力29
11001	真龙吟	14	5		2			1	0	1	0									0									永久提升自身防御力32
11001	真龙吟	15	5		2			1	0	1	0									0									永久提升自身防御力35
11001	真龙吟	16	5		2			1	0	1	0									0									永久提升自身防御力38
11001	真龙吟	17	5		2			1	0	1	0									0									永久提升自身防御力41
11001	真龙吟	18	5		2			1	0	1	0									0									永久提升自身防御力44
11001	真龙吟	19	5		2			1	0	1	0									0									永久提升自身防御力47
11001	真龙吟	20	5		2			1	0	1	0									0									永久提升自身防御力50
11001	真龙吟	21	5		2			1	0	1	0									0									永久提升自身防御力54
11001	真龙吟	22	5		2			1	0	1	0									0									永久提升自身防御力58
11001	真龙吟	23	5		2			1	0	1	0									0									永久提升自身防御力62
11001	真龙吟	24	5		2			1	0	1	0									0									永久提升自身防御力66
11001	真龙吟	25	5		2			1	0	1	0									0									永久提升自身防御力70
11001	真龙吟	26	5		2			1	0	1	0									0									永久提升自身防御力74
11001	真龙吟	27	5		2			1	0	1	0									0									永久提升自身防御力78
11001	真龙吟	28	5		2			1	0	1	0									0									永久提升自身防御力82
11001	真龙吟	29	5		2			1	0	1	0									0									永久提升自身防御力86
11001	真龙吟	30	5		2			1	0	1	0									0									永久提升自身防御力90
11001	真龙吟	31	5		2			1	0	1	0									0									永久提升自身防御力95
11001	真龙吟	32	5		2			1	0	1	0									0									永久提升自身防御力100
11001	真龙吟	33	5		2			1	0	1	0									0									永久提升自身防御力105
11001	真龙吟	34	5		2			1	0	1	0									0									永久提升自身防御力110
11001	真龙吟	35	5		2			1	0	1	0									0									永久提升自身防御力115
11001	真龙吟	36	5		2			1	0	1	0									0									永久提升自身防御力120
11001	真龙吟	37	5		2			1	0	1	0									0									永久提升自身防御力125
11001	真龙吟	38	5		2			1	0	1	0									0									永久提升自身防御力130
11001	真龙吟	39	5		2			1	0	1	0									0									永久提升自身防御力135
11001	真龙吟	40	5		2			1	0	1	0									0									永久提升自身防御力140
11001	真龙吟	41	5		2			1	0	1	0									0									永久提升自身防御力146
11001	真龙吟	42	5		2			1	0	1	0									0									永久提升自身防御力152
11001	真龙吟	43	5		2			1	0	1	0									0									永久提升自身防御力158
11001	真龙吟	44	5		2			1	0	1	0									0									永久提升自身防御力164
11001	真龙吟	45	5		2			1	0	1	0									0									永久提升自身防御力170
11001	真龙吟	46	5		2			1	0	1	0									0									永久提升自身防御力176
11001	真龙吟	47	5		2			1	0	1	0									0									永久提升自身防御力182
11001	真龙吟	48	5		2			1	0	1	0									0									永久提升自身防御力188
11001	真龙吟	49	5		2			1	0	1	0									0									永久提升自身防御力194
11001	真龙吟	50	5		2			1	0	1	0									0									永久提升自身防御力200
11002	龙神不败	1	6		2			1	0	1	0									0									永久提升自身攻击力4
11002	龙神不败	2	6		2			1	0	1	0									0									永久提升自身攻击力8
11002	龙神不败	3	6		2			1	0	1	0									0									永久提升自身攻击力12
11002	龙神不败	4	6		2			1	0	1	0									0									永久提升自身攻击力16
11002	龙神不败	5	6		2			1	0	1	0									0									永久提升自身攻击力20
11002	龙神不败	6	6		2			1	0	1	0									0									永久提升自身攻击力25
11002	龙神不败	7	6		2			1	0	1	0									0									永久提升自身攻击力30
11002	龙神不败	8	6		2			1	0	1	0									0									永久提升自身攻击力35
11002	龙神不败	9	6		2			1	0	1	0									0									永久提升自身攻击力40
11002	龙神不败	10	6		2			1	0	1	0									0									永久提升自身攻击力45
11002	龙神不败	11	6		2			1	0	1	0									0									永久提升自身攻击力51
11002	龙神不败	12	6		2			1	0	1	0									0									永久提升自身攻击力57
11002	龙神不败	13	6		2			1	0	1	0									0									永久提升自身攻击力63
11002	龙神不败	14	6		2			1	0	1	0									0									永久提升自身攻击力69
11002	龙神不败	15	6		2			1	0	1	0									0									永久提升自身攻击力75
11002	龙神不败	16	6		2			1	0	1	0									0									永久提升自身攻击力83
11002	龙神不败	17	6		2			1	0	1	0									0									永久提升自身攻击力91
11002	龙神不败	18	6		2			1	0	1	0									0									永久提升自身攻击力99
11002	龙神不败	19	6		2			1	0	1	0									0									永久提升自身攻击力107
11002	龙神不败	20	6		2			1	0	1	0									0									永久提升自身攻击力115
11002	龙神不败	21	6		2			1	0	1	0									0									永久提升自身攻击力124
11002	龙神不败	22	6		2			1	0	1	0									0									永久提升自身攻击力133
11002	龙神不败	23	6		2			1	0	1	0									0									永久提升自身攻击力142
11002	龙神不败	24	6		2			1	0	1	0									0									永久提升自身攻击力151
11002	龙神不败	25	6		2			1	0	1	0									0									永久提升自身攻击力160
11002	龙神不败	26	6		2			1	0	1	0									0									永久提升自身攻击力170
11002	龙神不败	27	6		2			1	0	1	0									0									永久提升自身攻击力180
11002	龙神不败	28	6		2			1	0	1	0									0									永久提升自身攻击力190
11002	龙神不败	29	6		2			1	0	1	0									0									永久提升自身攻击力200
11002	龙神不败	30	6		2			1	0	1	0									0									永久提升自身攻击力210
11002	龙神不败	31	6		2			1	0	1	0									0									永久提升自身攻击力222
11002	龙神不败	32	6		2			1	0	1	0									0									永久提升自身攻击力234
11002	龙神不败	33	6		2			1	0	1	0									0									永久提升自身攻击力246
11002	龙神不败	34	6		2			1	0	1	0									0									永久提升自身攻击力258
11002	龙神不败	35	6		2			1	0	1	0									0									永久提升自身攻击力270
11002	龙神不败	36	6		2			1	0	1	0									0									永久提升自身攻击力283
11002	龙神不败	37	6		2			1	0	1	0									0									永久提升自身攻击力296
11002	龙神不败	38	6		2			1	0	1	0									0									永久提升自身攻击力309
11002	龙神不败	39	6		2			1	0	1	0									0									永久提升自身攻击力322
11002	龙神不败	40	6		2			1	0	1	0									0									永久提升自身攻击力335
11002	龙神不败	41	6		2			1	0	1	0									0									永久提升自身攻击力349
11002	龙神不败	42	6		2			1	0	1	0									0									永久提升自身攻击力363
11002	龙神不败	43	6		2			1	0	1	0									0									永久提升自身攻击力377
11002	龙神不败	44	6		2			1	0	1	0									0									永久提升自身攻击力391
11002	龙神不败	45	6		2			1	0	1	0									0									永久提升自身攻击力405
11002	龙神不败	46	6		2			1	0	1	0									0									永久提升自身攻击力420
11002	龙神不败	47	6		2			1	0	1	0									0									永久提升自身攻击力435
11002	龙神不败	48	6		2			1	0	1	0									0									永久提升自身攻击力450
11002	龙神不败	49	6		2			1	0	1	0									0									永久提升自身攻击力465
11002	龙神不败	50	6		2			1	0	1	0									0									永久提升自身攻击力480
11003	龙神在天	1	7		2			1	0	1	0									0									永久提升自身伤害增幅0.2%，永久对承受到的伤害减免0.2%
11003	龙神在天	2	7		2			1	0	1	0									0									永久提升自身伤害增幅0.4%，永久对承受到的伤害减免0.4%
11003	龙神在天	3	7		2			1	0	1	0									0									永久提升自身伤害增幅0.6%，永久对承受到的伤害减免0.6%
11003	龙神在天	4	7		2			1	0	1	0									0									永久提升自身伤害增幅0.8%，永久对承受到的伤害减免0.8%
11003	龙神在天	5	7		2			1	0	1	0									0									永久提升自身伤害增幅1%，永久对承受到的伤害减免1%
11003	龙神在天	6	7		2			1	0	1	0									0									永久提升自身伤害增幅1.2%，永久对承受到的伤害减免1.2%
11003	龙神在天	7	7		2			1	0	1	0									0									永久提升自身伤害增幅1.4%，永久对承受到的伤害减免1.4%
11003	龙神在天	8	7		2			1	0	1	0									0									永久提升自身伤害增幅1.6%，永久对承受到的伤害减免1.6%
11003	龙神在天	9	7		2			1	0	1	0									0									永久提升自身伤害增幅1.8%，永久对承受到的伤害减免1.8%
11003	龙神在天	10	7		2			1	0	1	0									0									永久提升自身伤害增幅2%，永久对承受到的伤害减免2%
11003	龙神在天	11	7		2			1	0	1	0									0									永久提升自身伤害增幅2.2%，永久对承受到的伤害减免2.2%
11003	龙神在天	12	7		2			1	0	1	0									0									永久提升自身伤害增幅2.4%，永久对承受到的伤害减免2.4%
11003	龙神在天	13	7		2			1	0	1	0									0									永久提升自身伤害增幅2.6%，永久对承受到的伤害减免2.6%
11003	龙神在天	14	7		2			1	0	1	0									0									永久提升自身伤害增幅2.8%，永久对承受到的伤害减免2.8%
11003	龙神在天	15	7		2			1	0	1	0									0									永久提升自身伤害增幅3%，永久对承受到的伤害减免3%
11003	龙神在天	16	7		2			1	0	1	0									0									永久提升自身伤害增幅3.2%，永久对承受到的伤害减免3.2%
11003	龙神在天	17	7		2			1	0	1	0									0									永久提升自身伤害增幅3.4%，永久对承受到的伤害减免3.4%
11003	龙神在天	18	7		2			1	0	1	0									0									永久提升自身伤害增幅3.6%，永久对承受到的伤害减免3.6%
11003	龙神在天	19	7		2			1	0	1	0									0									永久提升自身伤害增幅3.8%，永久对承受到的伤害减免3.8%
11003	龙神在天	20	7		2			1	0	1	0									0									永久提升自身伤害增幅4%，永久对承受到的伤害减免4%
11003	龙神在天	21	7		2			1	0	1	0									0									永久提升自身伤害增幅4.2%，永久对承受到的伤害减免4.2%
11003	龙神在天	22	7		2			1	0	1	0									0									永久提升自身伤害增幅4.4%，永久对承受到的伤害减免4.4%
11003	龙神在天	23	7		2			1	0	1	0									0									永久提升自身伤害增幅4.6%，永久对承受到的伤害减免4.6%
11003	龙神在天	24	7		2			1	0	1	0									0									永久提升自身伤害增幅4.8%，永久对承受到的伤害减免4.8%
11003	龙神在天	25	7		2			1	0	1	0									0									永久提升自身伤害增幅5%，永久对承受到的伤害减免5%
11003	龙神在天	26	7		2			1	0	1	0									0									永久提升自身伤害增幅5.2%，永久对承受到的伤害减免5.2%
11003	龙神在天	27	7		2			1	0	1	0									0									永久提升自身伤害增幅5.4%，永久对承受到的伤害减免5.4%
11003	龙神在天	28	7		2			1	0	1	0									0									永久提升自身伤害增幅5.6%，永久对承受到的伤害减免5.6%
11003	龙神在天	29	7		2			1	0	1	0									0									永久提升自身伤害增幅5.8%，永久对承受到的伤害减免5.8%
11003	龙神在天	30	7		2			1	0	1	0									0									永久提升自身伤害增幅6%，永久对承受到的伤害减免6%
11003	龙神在天	31	7		2			1	0	1	0									0									永久提升自身伤害增幅6.2%，永久对承受到的伤害减免6.2%
11003	龙神在天	32	7		2			1	0	1	0									0									永久提升自身伤害增幅6.4%，永久对承受到的伤害减免6.4%
11003	龙神在天	33	7		2			1	0	1	0									0									永久提升自身伤害增幅6.6%，永久对承受到的伤害减免6.6%
11003	龙神在天	34	7		2			1	0	1	0									0									永久提升自身伤害增幅6.8%，永久对承受到的伤害减免6.8%
11003	龙神在天	35	7		2			1	0	1	0									0									永久提升自身伤害增幅7%，永久对承受到的伤害减免7%
11003	龙神在天	36	7		2			1	0	1	0									0									永久提升自身伤害增幅7.2%，永久对承受到的伤害减免7.2%
11003	龙神在天	37	7		2			1	0	1	0									0									永久提升自身伤害增幅7.4%，永久对承受到的伤害减免7.4%
11003	龙神在天	38	7		2			1	0	1	0									0									永久提升自身伤害增幅7.6%，永久对承受到的伤害减免7.6%
11003	龙神在天	39	7		2			1	0	1	0									0									永久提升自身伤害增幅7.8%，永久对承受到的伤害减免7.8%
11003	龙神在天	40	7		2			1	0	1	0									0									永久提升自身伤害增幅8%，永久对承受到的伤害减免8%
11003	龙神在天	41	7		2			1	0	1	0									0									永久提升自身伤害增幅8.2%，永久对承受到的伤害减免8.2%
11003	龙神在天	42	7		2			1	0	1	0									0									永久提升自身伤害增幅8.4%，永久对承受到的伤害减免8.4%
11003	龙神在天	43	7		2			1	0	1	0									0									永久提升自身伤害增幅8.6%，永久对承受到的伤害减免8.6%
11003	龙神在天	44	7		2			1	0	1	0									0									永久提升自身伤害增幅8.8%，永久对承受到的伤害减免8.8%
11003	龙神在天	45	7		2			1	0	1	0									0									永久提升自身伤害增幅9%，永久对承受到的伤害减免9%
11003	龙神在天	46	7		2			1	0	1	0									0									永久提升自身伤害增幅9.2%，永久对承受到的伤害减免9.2%
11003	龙神在天	47	7		2			1	0	1	0									0									永久提升自身伤害增幅9.4%，永久对承受到的伤害减免9.4%
11003	龙神在天	48	7		2			1	0	1	0									0									永久提升自身伤害增幅9.6%，永久对承受到的伤害减免9.6%
11003	龙神在天	49	7		2			1	0	1	0									0									永久提升自身伤害增幅9.8%，永久对承受到的伤害减免9.8%
11003	龙神在天	50	7		2			1	0	1	0									0									永久提升自身伤害增幅10%，永久对承受到的伤害减免10%
12000	魔神护体	1	12		2			1	0	1	0																		永久提升自身生命值上限35
12000	魔神护体	2	12		2			1	0	1	0																		永久提升自身生命值上限70
12000	魔神护体	3	12		2			1	0	1	0																		永久提升自身生命值上限105
12000	魔神护体	4	12		2			1	0	1	0																		永久提升自身生命值上限140
12000	魔神护体	5	12		2			1	0	1	0																		永久提升自身生命值上限175
12000	魔神护体	6	12		2			1	0	1	0																		永久提升自身生命值上限221
12000	魔神护体	7	12		2			1	0	1	0																		永久提升自身生命值上限267
12000	魔神护体	8	12		2			1	0	1	0																		永久提升自身生命值上限313
12000	魔神护体	9	12		2			1	0	1	0																		永久提升自身生命值上限359
12000	魔神护体	10	12		2			1	0	1	0																		永久提升自身生命值上限405
12000	魔神护体	11	12		2			1	0	1	0																		永久提升自身生命值上限463
12000	魔神护体	12	12		2			1	0	1	0																		永久提升自身生命值上限521
12000	魔神护体	13	12		2			1	0	1	0																		永久提升自身生命值上限579
12000	魔神护体	14	12		2			1	0	1	0																		永久提升自身生命值上限637
12000	魔神护体	15	12		2			1	0	1	0																		永久提升自身生命值上限695
12000	魔神护体	16	12		2			1	0	1	0																		永久提升自身生命值上限764
12000	魔神护体	17	12		2			1	0	1	0																		永久提升自身生命值上限833
12000	魔神护体	18	12		2			1	0	1	0																		永久提升自身生命值上限902
12000	魔神护体	19	12		2			1	0	1	0																		永久提升自身生命值上限971
12000	魔神护体	20	12		2			1	0	1	0																		永久提升自身生命值上限1040
12000	魔神护体	21	12		2			1	0	1	0																		永久提升自身生命值上限1121
12000	魔神护体	22	12		2			1	0	1	0																		永久提升自身生命值上限1202
12000	魔神护体	23	12		2			1	0	1	0																		永久提升自身生命值上限1283
12000	魔神护体	24	12		2			1	0	1	0																		永久提升自身生命值上限1364
12000	魔神护体	25	12		2			1	0	1	0																		永久提升自身生命值上限1445
12000	魔神护体	26	12		2			1	0	1	0																		永久提升自身生命值上限1537
12000	魔神护体	27	12		2			1	0	1	0																		永久提升自身生命值上限1629
12000	魔神护体	28	12		2			1	0	1	0																		永久提升自身生命值上限1721
12000	魔神护体	29	12		2			1	0	1	0																		永久提升自身生命值上限1813
12000	魔神护体	30	12		2			1	0	1	0																		永久提升自身生命值上限1905
12000	魔神护体	31	12		2			1	0	1	0																		永久提升自身生命值上限2009
12000	魔神护体	32	12		2			1	0	1	0																		永久提升自身生命值上限2113
12000	魔神护体	33	12		2			1	0	1	0																		永久提升自身生命值上限2217
12000	魔神护体	34	12		2			1	0	1	0																		永久提升自身生命值上限2321
12000	魔神护体	35	12		2			1	0	1	0																		永久提升自身生命值上限2425
12000	魔神护体	36	12		2			1	0	1	0																		永久提升自身生命值上限2540
12000	魔神护体	37	12		2			1	0	1	0																		永久提升自身生命值上限2655
12000	魔神护体	38	12		2			1	0	1	0																		永久提升自身生命值上限2770
12000	魔神护体	39	12		2			1	0	1	0																		永久提升自身生命值上限2885
12000	魔神护体	40	12		2			1	0	1	0																		永久提升自身生命值上限3000
12000	魔神护体	41	12		2			1	0	1	0																		永久提升自身生命值上限3127
12000	魔神护体	42	12		2			1	0	1	0																		永久提升自身生命值上限3254
12000	魔神护体	43	12		2			1	0	1	0																		永久提升自身生命值上限3381
12000	魔神护体	44	12		2			1	0	1	0																		永久提升自身生命值上限3508
12000	魔神护体	45	12		2			1	0	1	0																		永久提升自身生命值上限3635
12000	魔神护体	46	12		2			1	0	1	0																		永久提升自身生命值上限3773
12000	魔神护体	47	12		2			1	0	1	0																		永久提升自身生命值上限3911
12000	魔神护体	48	12		2			1	0	1	0																		永久提升自身生命值上限4049
12000	魔神护体	49	12		2			1	0	1	0																		永久提升自身生命值上限4187
12000	魔神护体	50	12		2			1	0	1	0																		永久提升自身生命值上限4325
12001	魔神降临	1	13		2			1	0	1	0																		永久提升自身防御力2
12001	魔神降临	2	13		2			1	0	1	0																		永久提升自身防御力4
12001	魔神降临	3	13		2			1	0	1	0																		永久提升自身防御力6
12001	魔神降临	4	13		2			1	0	1	0																		永久提升自身防御力8
12001	魔神降临	5	13		2			1	0	1	0																		永久提升自身防御力10
12001	魔神降临	6	13		2			1	0	1	0																		永久提升自身防御力12
12001	魔神降临	7	13		2			1	0	1	0																		永久提升自身防御力14
12001	魔神降临	8	13		2			1	0	1	0																		永久提升自身防御力16
12001	魔神降临	9	13		2			1	0	1	0																		永久提升自身防御力18
12001	魔神降临	10	13		2			1	0	1	0																		永久提升自身防御力20
12001	魔神降临	11	13		2			1	0	1	0																		永久提升自身防御力23
12001	魔神降临	12	13		2			1	0	1	0																		永久提升自身防御力26
12001	魔神降临	13	13		2			1	0	1	0																		永久提升自身防御力29
12001	魔神降临	14	13		2			1	0	1	0																		永久提升自身防御力32
12001	魔神降临	15	13		2			1	0	1	0																		永久提升自身防御力35
12001	魔神降临	16	13		2			1	0	1	0																		永久提升自身防御力38
12001	魔神降临	17	13		2			1	0	1	0																		永久提升自身防御力41
12001	魔神降临	18	13		2			1	0	1	0																		永久提升自身防御力44
12001	魔神降临	19	13		2			1	0	1	0																		永久提升自身防御力47
12001	魔神降临	20	13		2			1	0	1	0																		永久提升自身防御力50
12001	魔神降临	21	13		2			1	0	1	0																		永久提升自身防御力54
12001	魔神降临	22	13		2			1	0	1	0																		永久提升自身防御力58
12001	魔神降临	23	13		2			1	0	1	0																		永久提升自身防御力62
12001	魔神降临	24	13		2			1	0	1	0																		永久提升自身防御力66
12001	魔神降临	25	13		2			1	0	1	0																		永久提升自身防御力70
12001	魔神降临	26	13		2			1	0	1	0																		永久提升自身防御力74
12001	魔神降临	27	13		2			1	0	1	0																		永久提升自身防御力78
12001	魔神降临	28	13		2			1	0	1	0																		永久提升自身防御力82
12001	魔神降临	29	13		2			1	0	1	0																		永久提升自身防御力86
12001	魔神降临	30	13		2			1	0	1	0																		永久提升自身防御力90
12001	魔神降临	31	13		2			1	0	1	0																		永久提升自身防御力95
12001	魔神降临	32	13		2			1	0	1	0																		永久提升自身防御力100
12001	魔神降临	33	13		2			1	0	1	0																		永久提升自身防御力105
12001	魔神降临	34	13		2			1	0	1	0																		永久提升自身防御力110
12001	魔神降临	35	13		2			1	0	1	0																		永久提升自身防御力115
12001	魔神降临	36	13		2			1	0	1	0																		永久提升自身防御力120
12001	魔神降临	37	13		2			1	0	1	0																		永久提升自身防御力125
12001	魔神降临	38	13		2			1	0	1	0																		永久提升自身防御力130
12001	魔神降临	39	13		2			1	0	1	0																		永久提升自身防御力135
12001	魔神降临	40	13		2			1	0	1	0																		永久提升自身防御力140
12001	魔神降临	41	13		2			1	0	1	0																		永久提升自身防御力146
12001	魔神降临	42	13		2			1	0	1	0																		永久提升自身防御力152
12001	魔神降临	43	13		2			1	0	1	0																		永久提升自身防御力158
12001	魔神降临	44	13		2			1	0	1	0																		永久提升自身防御力164
12001	魔神降临	45	13		2			1	0	1	0																		永久提升自身防御力170
12001	魔神降临	46	13		2			1	0	1	0																		永久提升自身防御力176
12001	魔神降临	47	13		2			1	0	1	0																		永久提升自身防御力182
12001	魔神降临	48	13		2			1	0	1	0																		永久提升自身防御力188
12001	魔神降临	49	13		2			1	0	1	0																		永久提升自身防御力194
12001	魔神降临	50	13		2			1	0	1	0																		永久提升自身防御力200
12002	魔神翱翔	1	14		2			1	0	1	0																		永久提升自身攻击力4
12002	魔神翱翔	2	14		2			1	0	1	0																		永久提升自身攻击力8
12002	魔神翱翔	3	14		2			1	0	1	0																		永久提升自身攻击力12
12002	魔神翱翔	4	14		2			1	0	1	0																		永久提升自身攻击力16
12002	魔神翱翔	5	14		2			1	0	1	0																		永久提升自身攻击力20
12002	魔神翱翔	6	14		2			1	0	1	0																		永久提升自身攻击力25
12002	魔神翱翔	7	14		2			1	0	1	0																		永久提升自身攻击力30
12002	魔神翱翔	8	14		2			1	0	1	0																		永久提升自身攻击力35
12002	魔神翱翔	9	14		2			1	0	1	0																		永久提升自身攻击力40
12002	魔神翱翔	10	14		2			1	0	1	0																		永久提升自身攻击力45
12002	魔神翱翔	11	14		2			1	0	1	0																		永久提升自身攻击力51
12002	魔神翱翔	12	14		2			1	0	1	0																		永久提升自身攻击力57
12002	魔神翱翔	13	14		2			1	0	1	0																		永久提升自身攻击力63
12002	魔神翱翔	14	14		2			1	0	1	0																		永久提升自身攻击力69
12002	魔神翱翔	15	14		2			1	0	1	0																		永久提升自身攻击力75
12002	魔神翱翔	16	14		2			1	0	1	0																		永久提升自身攻击力83
12002	魔神翱翔	17	14		2			1	0	1	0																		永久提升自身攻击力91
12002	魔神翱翔	18	14		2			1	0	1	0																		永久提升自身攻击力99
12002	魔神翱翔	19	14		2			1	0	1	0																		永久提升自身攻击力107
12002	魔神翱翔	20	14		2			1	0	1	0																		永久提升自身攻击力115
12002	魔神翱翔	21	14		2			1	0	1	0																		永久提升自身攻击力124
12002	魔神翱翔	22	14		2			1	0	1	0																		永久提升自身攻击力133
12002	魔神翱翔	23	14		2			1	0	1	0																		永久提升自身攻击力142
12002	魔神翱翔	24	14		2			1	0	1	0																		永久提升自身攻击力151
12002	魔神翱翔	25	14		2			1	0	1	0																		永久提升自身攻击力160
12002	魔神翱翔	26	14		2			1	0	1	0																		永久提升自身攻击力170
12002	魔神翱翔	27	14		2			1	0	1	0																		永久提升自身攻击力180
12002	魔神翱翔	28	14		2			1	0	1	0																		永久提升自身攻击力190
12002	魔神翱翔	29	14		2			1	0	1	0																		永久提升自身攻击力200
12002	魔神翱翔	30	14		2			1	0	1	0																		永久提升自身攻击力210
12002	魔神翱翔	31	14		2			1	0	1	0																		永久提升自身攻击力222
12002	魔神翱翔	32	14		2			1	0	1	0																		永久提升自身攻击力234
12002	魔神翱翔	33	14		2			1	0	1	0																		永久提升自身攻击力246
12002	魔神翱翔	34	14		2			1	0	1	0																		永久提升自身攻击力258
12002	魔神翱翔	35	14		2			1	0	1	0																		永久提升自身攻击力270
12002	魔神翱翔	36	14		2			1	0	1	0																		永久提升自身攻击力283
12002	魔神翱翔	37	14		2			1	0	1	0																		永久提升自身攻击力296
12002	魔神翱翔	38	14		2			1	0	1	0																		永久提升自身攻击力309
12002	魔神翱翔	39	14		2			1	0	1	0																		永久提升自身攻击力322
12002	魔神翱翔	40	14		2			1	0	1	0																		永久提升自身攻击力335
12002	魔神翱翔	41	14		2			1	0	1	0																		永久提升自身攻击力349
12002	魔神翱翔	42	14		2			1	0	1	0																		永久提升自身攻击力363
12002	魔神翱翔	43	14		2			1	0	1	0																		永久提升自身攻击力377
12002	魔神翱翔	44	14		2			1	0	1	0																		永久提升自身攻击力391
12002	魔神翱翔	45	14		2			1	0	1	0																		永久提升自身攻击力405
12002	魔神翱翔	46	14		2			1	0	1	0																		永久提升自身攻击力420
12002	魔神翱翔	47	14		2			1	0	1	0																		永久提升自身攻击力435
12002	魔神翱翔	48	14		2			1	0	1	0																		永久提升自身攻击力450
12002	魔神翱翔	49	14		2			1	0	1	0																		永久提升自身攻击力465
12002	魔神翱翔	50	14		2			1	0	1	0																		永久提升自身攻击力480
12003	魔宗	1	15		2			1	0	1	0																		永久提升自身伤害增幅0.2%，永久对承受到的伤害减免0.2%
12003	魔宗	2	15		2			1	0	1	0																		永久提升自身伤害增幅0.4%，永久对承受到的伤害减免0.4%
12003	魔宗	3	15		2			1	0	1	0																		永久提升自身伤害增幅0.6%，永久对承受到的伤害减免0.6%
12003	魔宗	4	15		2			1	0	1	0																		永久提升自身伤害增幅0.8%，永久对承受到的伤害减免0.8%
12003	魔宗	5	15		2			1	0	1	0																		永久提升自身伤害增幅1%，永久对承受到的伤害减免1%
12003	魔宗	6	15		2			1	0	1	0																		永久提升自身伤害增幅1.2%，永久对承受到的伤害减免1.2%
12003	魔宗	7	15		2			1	0	1	0																		永久提升自身伤害增幅1.4%，永久对承受到的伤害减免1.4%
12003	魔宗	8	15		2			1	0	1	0																		永久提升自身伤害增幅1.6%，永久对承受到的伤害减免1.6%
12003	魔宗	9	15		2			1	0	1	0																		永久提升自身伤害增幅1.8%，永久对承受到的伤害减免1.8%
12003	魔宗	10	15		2			1	0	1	0																		永久提升自身伤害增幅2%，永久对承受到的伤害减免2%
12003	魔宗	11	15		2			1	0	1	0																		永久提升自身伤害增幅2.2%，永久对承受到的伤害减免2.2%
12003	魔宗	12	15		2			1	0	1	0																		永久提升自身伤害增幅2.4%，永久对承受到的伤害减免2.4%
12003	魔宗	13	15		2			1	0	1	0																		永久提升自身伤害增幅2.6%，永久对承受到的伤害减免2.6%
12003	魔宗	14	15		2			1	0	1	0																		永久提升自身伤害增幅2.8%，永久对承受到的伤害减免2.8%
12003	魔宗	15	15		2			1	0	1	0																		永久提升自身伤害增幅3%，永久对承受到的伤害减免3%
12003	魔宗	16	15		2			1	0	1	0																		永久提升自身伤害增幅3.2%，永久对承受到的伤害减免3.2%
12003	魔宗	17	15		2			1	0	1	0																		永久提升自身伤害增幅3.4%，永久对承受到的伤害减免3.4%
12003	魔宗	18	15		2			1	0	1	0																		永久提升自身伤害增幅3.6%，永久对承受到的伤害减免3.6%
12003	魔宗	19	15		2			1	0	1	0																		永久提升自身伤害增幅3.8%，永久对承受到的伤害减免3.8%
12003	魔宗	20	15		2			1	0	1	0																		永久提升自身伤害增幅4%，永久对承受到的伤害减免4%
12003	魔宗	21	15		2			1	0	1	0																		永久提升自身伤害增幅4.2%，永久对承受到的伤害减免4.2%
12003	魔宗	22	15		2			1	0	1	0																		永久提升自身伤害增幅4.4%，永久对承受到的伤害减免4.4%
12003	魔宗	23	15		2			1	0	1	0																		永久提升自身伤害增幅4.6%，永久对承受到的伤害减免4.6%
12003	魔宗	24	15		2			1	0	1	0																		永久提升自身伤害增幅4.8%，永久对承受到的伤害减免4.8%
12003	魔宗	25	15		2			1	0	1	0																		永久提升自身伤害增幅5%，永久对承受到的伤害减免5%
12003	魔宗	26	15		2			1	0	1	0																		永久提升自身伤害增幅5.2%，永久对承受到的伤害减免5.2%
12003	魔宗	27	15		2			1	0	1	0																		永久提升自身伤害增幅5.4%，永久对承受到的伤害减免5.4%
12003	魔宗	28	15		2			1	0	1	0																		永久提升自身伤害增幅5.6%，永久对承受到的伤害减免5.6%
12003	魔宗	29	15		2			1	0	1	0																		永久提升自身伤害增幅5.8%，永久对承受到的伤害减免5.8%
12003	魔宗	30	15		2			1	0	1	0																		永久提升自身伤害增幅6%，永久对承受到的伤害减免6%
12003	魔宗	31	15		2			1	0	1	0																		永久提升自身伤害增幅6.2%，永久对承受到的伤害减免6.2%
12003	魔宗	32	15		2			1	0	1	0																		永久提升自身伤害增幅6.4%，永久对承受到的伤害减免6.4%
12003	魔宗	33	15		2			1	0	1	0																		永久提升自身伤害增幅6.6%，永久对承受到的伤害减免6.6%
12003	魔宗	34	15		2			1	0	1	0																		永久提升自身伤害增幅6.8%，永久对承受到的伤害减免6.8%
12003	魔宗	35	15		2			1	0	1	0																		永久提升自身伤害增幅7%，永久对承受到的伤害减免7%
12003	魔宗	36	15		2			1	0	1	0																		永久提升自身伤害增幅7.2%，永久对承受到的伤害减免7.2%
12003	魔宗	37	15		2			1	0	1	0																		永久提升自身伤害增幅7.4%，永久对承受到的伤害减免7.4%
12003	魔宗	38	15		2			1	0	1	0																		永久提升自身伤害增幅7.6%，永久对承受到的伤害减免7.6%
12003	魔宗	39	15		2			1	0	1	0																		永久提升自身伤害增幅7.8%，永久对承受到的伤害减免7.8%
12003	魔宗	40	15		2			1	0	1	0																		永久提升自身伤害增幅8%，永久对承受到的伤害减免8%
12003	魔宗	41	15		2			1	0	1	0																		永久提升自身伤害增幅8.2%，永久对承受到的伤害减免8.2%
12003	魔宗	42	15		2			1	0	1	0																		永久提升自身伤害增幅8.4%，永久对承受到的伤害减免8.4%
12003	魔宗	43	15		2			1	0	1	0																		永久提升自身伤害增幅8.6%，永久对承受到的伤害减免8.6%
12003	魔宗	44	15		2			1	0	1	0																		永久提升自身伤害增幅8.8%，永久对承受到的伤害减免8.8%
12003	魔宗	45	15		2			1	0	1	0																		永久提升自身伤害增幅9%，永久对承受到的伤害减免9%
12003	魔宗	46	15		2			1	0	1	0																		永久提升自身伤害增幅9.2%，永久对承受到的伤害减免9.2%
12003	魔宗	47	15		2			1	0	1	0																		永久提升自身伤害增幅9.4%，永久对承受到的伤害减免9.4%
12003	魔宗	48	15		2			1	0	1	0																		永久提升自身伤害增幅9.6%，永久对承受到的伤害减免9.6%
12003	魔宗	49	15		2			1	0	1	0																		永久提升自身伤害增幅9.8%，永久对承受到的伤害减免9.8%
12003	魔宗	50	15		2			1	0	1	0																		永久提升自身伤害增幅10%，永久对承受到的伤害减免10%
12100	法师普通攻击	1		302	4			0	0	0	0	0	0	1000	0	320	1	1		1				1		100	1		普通攻击对目标造成100%攻击伤害
12101	雷电术	1	8	303	4	171		1	0	0	0	0	100	2000	0	320	1	1		1	1					100	1		召唤雷电之力对目标造成103%攻击伤害，附加10点神圣伤害
12101	雷电术	2	8	303	4	171		1	0	0	0	0	100	2000	0	320	1	1		1	1					100	1		召唤雷电之力对目标造成106%攻击伤害，附加20点神圣伤害
12101	雷电术	3	8	303	4	171		1	0	0	0	0	100	2000	0	320	1	1		1	1					100	1		召唤雷电之力对目标造成109%攻击伤害，附加30点神圣伤害
12101	雷电术	4	8	303	4	171		1	0	0	0	0	100	2000	0	320	1	1		1	1					100	1		召唤雷电之力对目标造成112%攻击伤害，附加40点神圣伤害
12101	雷电术	5	8	303	4	171		1	0	0	0	0	100	2000	0	320	1	1		1	1					100	1		召唤雷电之力对目标造成115%攻击伤害，附加50点神圣伤害
12101	雷电术	6	8	303	4	171		1	0	0	0	0	100	2000	0	320	1	1		1	1					100	1		召唤雷电之力对目标造成118%攻击伤害，附加60点神圣伤害
12101	雷电术	7	8	303	4	171		1	0	0	0	0	100	2000	0	320	1	1		1	1					100	1		召唤雷电之力对目标造成121%攻击伤害，附加70点神圣伤害
12101	雷电术	8	8	303	4	171		1	0	0	0	0	100	2000	0	320	1	1		1	1					100	1		召唤雷电之力对目标造成124%攻击伤害，附加80点神圣伤害
12101	雷电术	9	8	303	4	171		1	0	0	0	0	100	2000	0	320	1	1		1	1					100	1		召唤雷电之力对目标造成127%攻击伤害，附加90点神圣伤害
12101	雷电术	10	8	303	4	171		1	0	0	0	0	100	2000	0	320	1	1		1	1					100	1		召唤雷电之力对目标造成130%攻击伤害，附加100点神圣伤害
12102	闪电球	1	9	304	4	160	50	1	0	0	0	0	300	6000	0	320	1	1		1	1					100	1		召唤闪电之球对目标周围3米范围造成91%攻击伤害，附加25点直接伤害。
12102	闪电球	2	9	304	4	160	50	1	0	0	0	0	300	6000	0	320	1	1		1	1					100	1		召唤闪电之球对目标周围3米范围造成92%攻击伤害，附加50点直接伤害。
12102	闪电球	3	9	304	4	160	50	1	0	0	0	0	300	6000	0	320	1	1		1	1					100	1		召唤闪电之球对目标周围3米范围造成93%攻击伤害，附加75点直接伤害。
12102	闪电球	4	9	304	4	160	50	1	0	0	0	0	300	6000	0	320	1	1		1	1					100	1		召唤闪电之球对目标周围3米范围造成94%攻击伤害，附加100点直接伤害。
12102	闪电球	5	9	304	4	160	50	1	0	0	0	0	300	6000	0	320	1	1		1	1					100	1		召唤闪电之球对目标周围3米范围造成95%攻击伤害，附加125点直接伤害。
12102	闪电球	6	9	304	4	160	50	1	0	0	0	0	300	6000	0	320	1	1		1	1					100	1		召唤闪电之球对目标周围3米范围造成96%攻击伤害，附加150点直接伤害。
12102	闪电球	7	9	304	4	160	50	1	0	0	0	0	300	6000	0	320	1	1		1	1					100	1		召唤闪电之球对目标周围3米范围造成97%攻击伤害，附加175点直接伤害。
12102	闪电球	8	9	304	4	160	50	1	0	0	0	0	300	6000	0	320	1	1		1	1					100	1		召唤闪电之球对目标周围3米范围造成98%攻击伤害，附加200点直接伤害。
12102	闪电球	9	9	304	4	160	50	1	0	0	0	0	300	6000	0	320	1	1		1	1					100	1		召唤闪电之球对目标周围3米范围造成99%攻击伤害，附加225点直接伤害。
12102	闪电球	10	9	304	4	160	50	1	0	0	0	0	300	6000	0	320	1	1		1	1					100	1		召唤闪电之球对目标周围3米范围造成100%攻击伤害，附加250点直接伤害。
12103	流星弹	1	10	305	4	161	100	1	0	0		0	400	8000	0	320	1	1		1	1					100	1		召唤流星对目标造成155%攻击伤害，附加110点直接伤害，并有22%几率让目标昏迷2秒
12103	流星弹	2	10	305	4	161	100	1	0	0	0	0	400	8000	0	320	1	1		1	1					100	1		召唤流星对目标造成160%攻击伤害，附加120点直接伤害，并有24%几率让目标昏迷2秒
12103	流星弹	3	10	305	4	161	100	1	0	0		0	400	8000	0	320	1	1		1	1					100	1		召唤流星对目标造成165%攻击伤害，附加130点直接伤害，并有26%几率让目标昏迷2秒
12103	流星弹	4	10	305	4	161	100	1	0	0	0	0	400	8000	0	320	1	1		1	1					100	1		召唤流星对目标造成170%攻击伤害，附加140点直接伤害，并有28%几率让目标昏迷2秒
12103	流星弹	5	10	305	4	161	100	1	0	0		0	400	8000	0	320	1	1		1	1					100	1		召唤流星对目标造成175%攻击伤害，附加150点直接伤害，并有30%几率让目标昏迷2秒
12103	流星弹	6	10	305	4	161	100	1	0	0	0	0	400	8000	0	320	1	1		1	1					100	1		召唤流星对目标造成180%攻击伤害，附加160点直接伤害，并有32%几率让目标昏迷2秒
12103	流星弹	7	10	305	4	161	100	1	0	0		0	400	8000	0	320	1	1		1	1					100	1		召唤流星对目标造成185%攻击伤害，附加170点直接伤害，并有34%几率让目标昏迷2秒
12103	流星弹	8	10	305	4	161	100	1	0	0	0	0	400	8000	0	320	1	1		1	1					100	1		召唤流星对目标造成190%攻击伤害，附加180点直接伤害，并有36%几率让目标昏迷2秒
12103	流星弹	9	10	305	4	161	100	1	0	0		0	400	8000	0	320	1	1		1	1					100	1		召唤流星对目标造成195%攻击伤害，附加190点直接伤害，并有38%几率让目标昏迷2秒
12103	流星弹	10	10	305	4	161	100	1	0	0	0	0	400	8000	0	320	1	1		1	1					100	1		召唤流星对目标造成200%攻击伤害，附加200点直接伤害，并有40%几率让目标昏迷2秒
12104	陨石术	1	11	307	4	162	100	1	0	0	0	0	750	15000	0	320	1	1		1	1					100	1		召唤陨石之力对目标造成210%攻击伤害，附加550点直接伤害，有55%几率触发上古法盾效果吸收300点伤害，持续6秒
12104	陨石术	2	11	307	4	162	100	1	0	0	0	0	750	15000	0	320	1	1		1	1					100	1		召唤陨石之力对目标造成220%攻击伤害，附加600点直接伤害，有60%几率触发上古法盾效果吸收600点伤害，持续6秒
12104	陨石术	3	11	307	4	162	100	1	0	0	0	0	750	15000	0	320	1	1		1	1					100	1		召唤陨石之力对目标造成230%攻击伤害，附加650点直接伤害，有65%几率触发上古法盾效果吸收900点伤害，持续6秒
12104	陨石术	4	11	307	4	162	100	1	0	0	0	0	750	15000	0	320	1	1		1	1					100	1		召唤陨石之力对目标造成240%攻击伤害，附加700点直接伤害，有70%几率触发上古法盾效果吸收1200点伤害，持续6秒
12104	陨石术	5	11	307	4	162	100	1	0	0	0	0	750	15000	0	320	1	1		1	1					100	1		召唤陨石之力对目标造成250%攻击伤害，附加750点直接伤害，有75%几率触发上古法盾效果吸收1500点伤害，持续6秒
12104	陨石术	6	11	307	4	162	100	1	0	0	0	0	750	15000	0	320	1	1		1	1					100	1		召唤陨石之力对目标造成260%攻击伤害，附加800点直接伤害，有80%几率触发上古法盾效果吸收1800点伤害，持续6秒
12104	陨石术	7	11	307	4	162	100	1	0	0	0	0	750	15000	0	320	1	1		1	1					100	1		召唤陨石之力对目标造成270%攻击伤害，附加850点直接伤害，有85%几率触发上古法盾效果吸收2100点伤害，持续6秒
12104	陨石术	8	11	307	4	162	100	1	0	0	0	0	750	15000	0	320	1	1		1	1					100	1		召唤陨石之力对目标造成280%攻击伤害，附加900点直接伤害，有90%几率触发上古法盾效果吸收2400点伤害，持续6秒
12104	陨石术	9	11	307	4	162	100	1	0	0	0	0	750	15000	0	320	1	1		1	1					100	1		召唤陨石之力对目标造成290%攻击伤害，附加950点直接伤害，有95%几率触发上古法盾效果吸收2700点伤害，持续6秒
12104	陨石术	10	11	307	4	162	100	1	0	0	0	0	750	15000	0	320	1	1		1	1					100	1		召唤陨石之力对目标造成300%攻击伤害，附加1000点直接伤害，有100%几率触发上古法盾效果吸收3000点伤害，持续6秒
																													
13000	妖皇护体	1	20		4			1	0	1	0																		永久提升自身生命值上限35
13000	妖皇护体	2	20		4			1	0	1	0																		永久提升自身生命值上限70
13000	妖皇护体	3	20		4			1	0	1	0																		永久提升自身生命值上限105
13000	妖皇护体	4	20		4			1	0	1	0																		永久提升自身生命值上限140
13000	妖皇护体	5	20		4			1	0	1	0																		永久提升自身生命值上限175
13000	妖皇护体	6	20		4			1	0	1	0																		永久提升自身生命值上限221
13000	妖皇护体	7	20		4			1	0	1	0																		永久提升自身生命值上限267
13000	妖皇护体	8	20		4			1	0	1	0																		永久提升自身生命值上限313
13000	妖皇护体	9	20		4			1	0	1	0																		永久提升自身生命值上限359
13000	妖皇护体	10	20		4			1	0	1	0																		永久提升自身生命值上限405
13000	妖皇护体	11	20		4			1	0	1	0																		永久提升自身生命值上限463
13000	妖皇护体	12	20		4			1	0	1	0																		永久提升自身生命值上限521
13000	妖皇护体	13	20		4			1	0	1	0																		永久提升自身生命值上限579
13000	妖皇护体	14	20		4			1	0	1	0																		永久提升自身生命值上限637
13000	妖皇护体	15	20		4			1	0	1	0																		永久提升自身生命值上限695
13000	妖皇护体	16	20		4			1	0	1	0																		永久提升自身生命值上限764
13000	妖皇护体	17	20		4			1	0	1	0																		永久提升自身生命值上限833
13000	妖皇护体	18	20		4			1	0	1	0																		永久提升自身生命值上限902
13000	妖皇护体	19	20		4			1	0	1	0																		永久提升自身生命值上限971
13000	妖皇护体	20	20		4			1	0	1	0																		永久提升自身生命值上限1040
13000	妖皇护体	21	20		4			1	0	1	0																		永久提升自身生命值上限1121
13000	妖皇护体	22	20		4			1	0	1	0																		永久提升自身生命值上限1202
13000	妖皇护体	23	20		4			1	0	1	0																		永久提升自身生命值上限1283
13000	妖皇护体	24	20		4			1	0	1	0																		永久提升自身生命值上限1364
13000	妖皇护体	25	20		4			1	0	1	0																		永久提升自身生命值上限1445
13000	妖皇护体	26	20		4			1	0	1	0																		永久提升自身生命值上限1537
13000	妖皇护体	27	20		4			1	0	1	0																		永久提升自身生命值上限1629
13000	妖皇护体	28	20		4			1	0	1	0																		永久提升自身生命值上限1721
13000	妖皇护体	29	20		4			1	0	1	0																		永久提升自身生命值上限1813
13000	妖皇护体	30	20		4			1	0	1	0																		永久提升自身生命值上限1905
13000	妖皇护体	31	20		4			1	0	1	0																		永久提升自身生命值上限2009
13000	妖皇护体	32	20		4			1	0	1	0																		永久提升自身生命值上限2113
13000	妖皇护体	33	20		4			1	0	1	0																		永久提升自身生命值上限2217
13000	妖皇护体	34	20		4			1	0	1	0																		永久提升自身生命值上限2321
13000	妖皇护体	35	20		4			1	0	1	0																		永久提升自身生命值上限2425
13000	妖皇护体	36	20		4			1	0	1	0																		永久提升自身生命值上限2540
13000	妖皇护体	37	20		4			1	0	1	0																		永久提升自身生命值上限2655
13000	妖皇护体	38	20		4			1	0	1	0																		永久提升自身生命值上限2770
13000	妖皇护体	39	20		4			1	0	1	0																		永久提升自身生命值上限2885
13000	妖皇护体	40	20		4			1	0	1	0																		永久提升自身生命值上限3000
13000	妖皇护体	41	20		4			1	0	1	0																		永久提升自身生命值上限3127
13000	妖皇护体	42	20		4			1	0	1	0																		永久提升自身生命值上限3254
13000	妖皇护体	43	20		4			1	0	1	0																		永久提升自身生命值上限3381
13000	妖皇护体	44	20		4			1	0	1	0																		永久提升自身生命值上限3508
13000	妖皇护体	45	20		4			1	0	1	0																		永久提升自身生命值上限3635
13000	妖皇护体	46	20		4			1	0	1	0																		永久提升自身生命值上限3773
13000	妖皇护体	47	20		4			1	0	1	0																		永久提升自身生命值上限3911
13000	妖皇护体	48	20		4			1	0	1	0																		永久提升自身生命值上限4049
13000	妖皇护体	49	20		4			1	0	1	0																		永久提升自身生命值上限4187
13000	妖皇护体	50	20		4			1	0	1	0																		永久提升自身生命值上限4325
13001	妖皇降临	1	21		4			1	0	1	0																		永久提升自身防御力2
13001	妖皇降临	2	21		4			1	0	1	0																		永久提升自身防御力4
13001	妖皇降临	3	21		4			1	0	1	0																		永久提升自身防御力6
13001	妖皇降临	4	21		4			1	0	1	0																		永久提升自身防御力8
13001	妖皇降临	5	21		4			1	0	1	0																		永久提升自身防御力10
13001	妖皇降临	6	21		4			1	0	1	0																		永久提升自身防御力12
13001	妖皇降临	7	21		4			1	0	1	0																		永久提升自身防御力14
13001	妖皇降临	8	21		4			1	0	1	0																		永久提升自身防御力16
13001	妖皇降临	9	21		4			1	0	1	0																		永久提升自身防御力18
13001	妖皇降临	10	21		4			1	0	1	0																		永久提升自身防御力20
13001	妖皇降临	11	21		4			1	0	1	0																		永久提升自身防御力23
13001	妖皇降临	12	21		4			1	0	1	0																		永久提升自身防御力26
13001	妖皇降临	13	21		4			1	0	1	0																		永久提升自身防御力29
13001	妖皇降临	14	21		4			1	0	1	0																		永久提升自身防御力32
13001	妖皇降临	15	21		4			1	0	1	0																		永久提升自身防御力35
13001	妖皇降临	16	21		4			1	0	1	0																		永久提升自身防御力38
13001	妖皇降临	17	21		4			1	0	1	0																		永久提升自身防御力41
13001	妖皇降临	18	21		4			1	0	1	0																		永久提升自身防御力44
13001	妖皇降临	19	21		4			1	0	1	0																		永久提升自身防御力47
13001	妖皇降临	20	21		4			1	0	1	0																		永久提升自身防御力50
13001	妖皇降临	21	21		4			1	0	1	0																		永久提升自身防御力54
13001	妖皇降临	22	21		4			1	0	1	0																		永久提升自身防御力58
13001	妖皇降临	23	21		4			1	0	1	0																		永久提升自身防御力62
13001	妖皇降临	24	21		4			1	0	1	0																		永久提升自身防御力66
13001	妖皇降临	25	21		4			1	0	1	0																		永久提升自身防御力70
13001	妖皇降临	26	21		4			1	0	1	0																		永久提升自身防御力74
13001	妖皇降临	27	21		4			1	0	1	0																		永久提升自身防御力78
13001	妖皇降临	28	21		4			1	0	1	0																		永久提升自身防御力82
13001	妖皇降临	29	21		4			1	0	1	0																		永久提升自身防御力86
13001	妖皇降临	30	21		4			1	0	1	0																		永久提升自身防御力90
13001	妖皇降临	31	21		4			1	0	1	0																		永久提升自身防御力95
13001	妖皇降临	32	21		4			1	0	1	0																		永久提升自身防御力100
13001	妖皇降临	33	21		4			1	0	1	0																		永久提升自身防御力105
13001	妖皇降临	34	21		4			1	0	1	0																		永久提升自身防御力110
13001	妖皇降临	35	21		4			1	0	1	0																		永久提升自身防御力115
13001	妖皇降临	36	21		4			1	0	1	0																		永久提升自身防御力120
13001	妖皇降临	37	21		4			1	0	1	0																		永久提升自身防御力125
13001	妖皇降临	38	21		4			1	0	1	0																		永久提升自身防御力130
13001	妖皇降临	39	21		4			1	0	1	0																		永久提升自身防御力135
13001	妖皇降临	40	21		4			1	0	1	0																		永久提升自身防御力140
13001	妖皇降临	41	21		4			1	0	1	0																		永久提升自身防御力146
13001	妖皇降临	42	21		4			1	0	1	0																		永久提升自身防御力152
13001	妖皇降临	43	21		4			1	0	1	0																		永久提升自身防御力158
13001	妖皇降临	44	21		4			1	0	1	0																		永久提升自身防御力164
13001	妖皇降临	45	21		4			1	0	1	0																		永久提升自身防御力170
13001	妖皇降临	46	21		4			1	0	1	0																		永久提升自身防御力176
13001	妖皇降临	47	21		4			1	0	1	0																		永久提升自身防御力182
13001	妖皇降临	48	21		4			1	0	1	0																		永久提升自身防御力188
13001	妖皇降临	49	21		4			1	0	1	0																		永久提升自身防御力194
13001	妖皇降临	50	21		4			1	0	1	0																		永久提升自身防御力200
13002	妖皇突袭	1	22		4			1	0	1	0																		永久提升自身攻击力4
13002	妖皇突袭	2	22		4			1	0	1	0																		永久提升自身攻击力8
13002	妖皇突袭	3	22		4			1	0	1	0																		永久提升自身攻击力12
13002	妖皇突袭	4	22		4			1	0	1	0																		永久提升自身攻击力16
13002	妖皇突袭	5	22		4			1	0	1	0																		永久提升自身攻击力20
13002	妖皇突袭	6	22		4			1	0	1	0																		永久提升自身攻击力25
13002	妖皇突袭	7	22		4			1	0	1	0																		永久提升自身攻击力30
13002	妖皇突袭	8	22		4			1	0	1	0																		永久提升自身攻击力35
13002	妖皇突袭	9	22		4			1	0	1	0																		永久提升自身攻击力40
13002	妖皇突袭	10	22		4			1	0	1	0																		永久提升自身攻击力45
13002	妖皇突袭	11	22		4			1	0	1	0																		永久提升自身攻击力51
13002	妖皇突袭	12	22		4			1	0	1	0																		永久提升自身攻击力57
13002	妖皇突袭	13	22		4			1	0	1	0																		永久提升自身攻击力63
13002	妖皇突袭	14	22		4			1	0	1	0																		永久提升自身攻击力69
13002	妖皇突袭	15	22		4			1	0	1	0																		永久提升自身攻击力75
13002	妖皇突袭	16	22		4			1	0	1	0																		永久提升自身攻击力83
13002	妖皇突袭	17	22		4			1	0	1	0																		永久提升自身攻击力91
13002	妖皇突袭	18	22		4			1	0	1	0																		永久提升自身攻击力99
13002	妖皇突袭	19	22		4			1	0	1	0																		永久提升自身攻击力107
13002	妖皇突袭	20	22		4			1	0	1	0																		永久提升自身攻击力115
13002	妖皇突袭	21	22		4			1	0	1	0																		永久提升自身攻击力124
13002	妖皇突袭	22	22		4			1	0	1	0																		永久提升自身攻击力133
13002	妖皇突袭	23	22		4			1	0	1	0																		永久提升自身攻击力142
13002	妖皇突袭	24	22		4			1	0	1	0																		永久提升自身攻击力151
13002	妖皇突袭	25	22		4			1	0	1	0																		永久提升自身攻击力160
13002	妖皇突袭	26	22		4			1	0	1	0																		永久提升自身攻击力170
13002	妖皇突袭	27	22		4			1	0	1	0																		永久提升自身攻击力180
13002	妖皇突袭	28	22		4			1	0	1	0																		永久提升自身攻击力190
13002	妖皇突袭	29	22		4			1	0	1	0																		永久提升自身攻击力200
13002	妖皇突袭	30	22		4			1	0	1	0																		永久提升自身攻击力210
13002	妖皇突袭	31	22		4			1	0	1	0																		永久提升自身攻击力222
13002	妖皇突袭	32	22		4			1	0	1	0																		永久提升自身攻击力234
13002	妖皇突袭	33	22		4			1	0	1	0																		永久提升自身攻击力246
13002	妖皇突袭	34	22		4			1	0	1	0																		永久提升自身攻击力258
13002	妖皇突袭	35	22		4			1	0	1	0																		永久提升自身攻击力270
13002	妖皇突袭	36	22		4			1	0	1	0																		永久提升自身攻击力283
13002	妖皇突袭	37	22		4			1	0	1	0																		永久提升自身攻击力296
13002	妖皇突袭	38	22		4			1	0	1	0																		永久提升自身攻击力309
13002	妖皇突袭	39	22		4			1	0	1	0																		永久提升自身攻击力322
13002	妖皇突袭	40	22		4			1	0	1	0																		永久提升自身攻击力335
13002	妖皇突袭	41	22		4			1	0	1	0																		永久提升自身攻击力349
13002	妖皇突袭	42	22		4			1	0	1	0																		永久提升自身攻击力363
13002	妖皇突袭	43	22		4			1	0	1	0																		永久提升自身攻击力377
13002	妖皇突袭	44	22		4			1	0	1	0																		永久提升自身攻击力391
13002	妖皇突袭	45	22		4			1	0	1	0																		永久提升自身攻击力405
13002	妖皇突袭	46	22		4			1	0	1	0																		永久提升自身攻击力420
13002	妖皇突袭	47	22		4			1	0	1	0																		永久提升自身攻击力435
13002	妖皇突袭	48	22		4			1	0	1	0																		永久提升自身攻击力450
13002	妖皇突袭	49	22		4			1	0	1	0																		永久提升自身攻击力465
13002	妖皇突袭	50	22		4			1	0	1	0																		永久提升自身攻击力480
13003	妖宗	1	23		4			1	0	1	0																		永久提升自身伤害增幅0.2%，永久对承受到的伤害减免0.2%
13003	妖宗	2	23		4			1	0	1	0																		永久提升自身伤害增幅0.4%，永久对承受到的伤害减免0.4%
13003	妖宗	3	23		4			1	0	1	0																		永久提升自身伤害增幅0.6%，永久对承受到的伤害减免0.6%
13003	妖宗	4	23		4			1	0	1	0																		永久提升自身伤害增幅0.8%，永久对承受到的伤害减免0.8%
13003	妖宗	5	23		4			1	0	1	0																		永久提升自身伤害增幅1%，永久对承受到的伤害减免1%
13003	妖宗	6	23		4			1	0	1	0																		永久提升自身伤害增幅1.2%，永久对承受到的伤害减免1.2%
13003	妖宗	7	23		4			1	0	1	0																		永久提升自身伤害增幅1.4%，永久对承受到的伤害减免1.4%
13003	妖宗	8	23		4			1	0	1	0																		永久提升自身伤害增幅1.6%，永久对承受到的伤害减免1.6%
13003	妖宗	9	23		4			1	0	1	0																		永久提升自身伤害增幅1.8%，永久对承受到的伤害减免1.8%
13003	妖宗	10	23		4			1	0	1	0																		永久提升自身伤害增幅2%，永久对承受到的伤害减免2%
13003	妖宗	11	23		4			1	0	1	0																		永久提升自身伤害增幅2.2%，永久对承受到的伤害减免2.2%
13003	妖宗	12	23		4			1	0	1	0																		永久提升自身伤害增幅2.4%，永久对承受到的伤害减免2.4%
13003	妖宗	13	23		4			1	0	1	0																		永久提升自身伤害增幅2.6%，永久对承受到的伤害减免2.6%
13003	妖宗	14	23		4			1	0	1	0																		永久提升自身伤害增幅2.8%，永久对承受到的伤害减免2.8%
13003	妖宗	15	23		4			1	0	1	0																		永久提升自身伤害增幅3%，永久对承受到的伤害减免3%
13003	妖宗	16	23		4			1	0	1	0																		永久提升自身伤害增幅3.2%，永久对承受到的伤害减免3.2%
13003	妖宗	17	23		4			1	0	1	0																		永久提升自身伤害增幅3.4%，永久对承受到的伤害减免3.4%
13003	妖宗	18	23		4			1	0	1	0																		永久提升自身伤害增幅3.6%，永久对承受到的伤害减免3.6%
13003	妖宗	19	23		4			1	0	1	0																		永久提升自身伤害增幅3.8%，永久对承受到的伤害减免3.8%
13003	妖宗	20	23		4			1	0	1	0																		永久提升自身伤害增幅4%，永久对承受到的伤害减免4%
13003	妖宗	21	23		4			1	0	1	0																		永久提升自身伤害增幅4.2%，永久对承受到的伤害减免4.2%
13003	妖宗	22	23		4			1	0	1	0																		永久提升自身伤害增幅4.4%，永久对承受到的伤害减免4.4%
13003	妖宗	23	23		4			1	0	1	0																		永久提升自身伤害增幅4.6%，永久对承受到的伤害减免4.6%
13003	妖宗	24	23		4			1	0	1	0																		永久提升自身伤害增幅4.8%，永久对承受到的伤害减免4.8%
13003	妖宗	25	23		4			1	0	1	0																		永久提升自身伤害增幅5%，永久对承受到的伤害减免5%
13003	妖宗	26	23		4			1	0	1	0																		永久提升自身伤害增幅5.2%，永久对承受到的伤害减免5.2%
13003	妖宗	27	23		4			1	0	1	0																		永久提升自身伤害增幅5.4%，永久对承受到的伤害减免5.4%
13003	妖宗	28	23		4			1	0	1	0																		永久提升自身伤害增幅5.6%，永久对承受到的伤害减免5.6%
13003	妖宗	29	23		4			1	0	1	0																		永久提升自身伤害增幅5.8%，永久对承受到的伤害减免5.8%
13003	妖宗	30	23		4			1	0	1	0																		永久提升自身伤害增幅6%，永久对承受到的伤害减免6%
13003	妖宗	31	23		4			1	0	1	0																		永久提升自身伤害增幅6.2%，永久对承受到的伤害减免6.2%
13003	妖宗	32	23		4			1	0	1	0																		永久提升自身伤害增幅6.4%，永久对承受到的伤害减免6.4%
13003	妖宗	33	23		4			1	0	1	0																		永久提升自身伤害增幅6.6%，永久对承受到的伤害减免6.6%
13003	妖宗	34	23		4			1	0	1	0																		永久提升自身伤害增幅6.8%，永久对承受到的伤害减免6.8%
13003	妖宗	35	23		4			1	0	1	0																		永久提升自身伤害增幅7%，永久对承受到的伤害减免7%
13003	妖宗	36	23		4			1	0	1	0																		永久提升自身伤害增幅7.2%，永久对承受到的伤害减免7.2%
13003	妖宗	37	23		4			1	0	1	0																		永久提升自身伤害增幅7.4%，永久对承受到的伤害减免7.4%
13003	妖宗	38	23		4			1	0	1	0																		永久提升自身伤害增幅7.6%，永久对承受到的伤害减免7.6%
13003	妖宗	39	23		4			1	0	1	0																		永久提升自身伤害增幅7.8%，永久对承受到的伤害减免7.8%
13003	妖宗	40	23		4			1	0	1	0																		永久提升自身伤害增幅8%，永久对承受到的伤害减免8%
13003	妖宗	41	23		4			1	0	1	0																		永久提升自身伤害增幅8.2%，永久对承受到的伤害减免8.2%
13003	妖宗	42	23		4			1	0	1	0																		永久提升自身伤害增幅8.4%，永久对承受到的伤害减免8.4%
13003	妖宗	43	23		4			1	0	1	0																		永久提升自身伤害增幅8.6%，永久对承受到的伤害减免8.6%
13003	妖宗	44	23		4			1	0	1	0																		永久提升自身伤害增幅8.8%，永久对承受到的伤害减免8.8%
13003	妖宗	45	23		4			1	0	1	0																		永久提升自身伤害增幅9%，永久对承受到的伤害减免9%
13003	妖宗	46	23		4			1	0	1	0																		永久提升自身伤害增幅9.2%，永久对承受到的伤害减免9.2%
13003	妖宗	47	23		4			1	0	1	0																		永久提升自身伤害增幅9.4%，永久对承受到的伤害减免9.4%
13003	妖宗	48	23		4			1	0	1	0																		永久提升自身伤害增幅9.6%，永久对承受到的伤害减免9.6%
13003	妖宗	49	23		4			1	0	1	0																		永久提升自身伤害增幅9.8%，永久对承受到的伤害减免9.8%
13003	妖宗	50	23		4			1	0	1	0																		永久提升自身伤害增幅10%，永久对承受到的伤害减免10%
13100	弓箭普通攻击	1		206	3			0	0	0	0	0	0	1000	0	320	1	1		1				1		100	1		普通攻击对目标造成100%攻击伤害
13101	诛仙箭	1	16	203	3	172	50	1	0	0	0	0	100	2000	0	320	1	1		1	1					100	1		运用上古箭法-诛仙对目标造成103%攻击伤害，附加10点神圣伤害
13101	诛仙箭	2	16	203	3	172	50	1	0	0	0	0	100	2000	0	320	1	1		1	1					100	1		运用上古箭法-诛仙对目标造成106%攻击伤害，附加20点神圣伤害
13101	诛仙箭	3	16	203	3	172	50	1	0	0	0	0	100	2000	0	320	1	1		1	1					100	1		运用上古箭法-诛仙对目标造成109%攻击伤害，附加30点神圣伤害
13101	诛仙箭	4	16	203	3	172	50	1	0	0	0	0	100	2000	0	320	1	1		1	1					100	1		运用上古箭法-诛仙对目标造成112%攻击伤害，附加40点神圣伤害
13101	诛仙箭	5	16	203	3	172	50	1	0	0	0	0	100	2000	0	320	1	1		1	1					100	1		运用上古箭法-诛仙对目标造成115%攻击伤害，附加50点神圣伤害
13101	诛仙箭	6	16	203	3	172	50	1	0	0	0	0	100	2000	0	320	1	1		1	1					100	1		运用上古箭法-诛仙对目标造成118%攻击伤害，附加60点神圣伤害
13101	诛仙箭	7	16	203	3	172	50	1	0	0	0	0	100	2000	0	320	1	1		1	1					100	1		运用上古箭法-诛仙对目标造成121%攻击伤害，附加70点神圣伤害
13101	诛仙箭	8	16	203	3	172	50	1	0	0	0	0	100	2000	0	320	1	1		1	1					100	1		运用上古箭法-诛仙对目标造成124%攻击伤害，附加80点神圣伤害
13101	诛仙箭	9	16	203	3	172	50	1	0	0	0	0	100	2000	0	320	1	1		1	1					100	1		运用上古箭法-诛仙对目标造成127%攻击伤害，附加90点神圣伤害
13101	诛仙箭	10	16	203	3	172	50	1	0	0	0	0	100	2000	0	320	1	1		1	1					100	1		运用上古箭法-诛仙对目标造成130%攻击伤害，附加100点神圣伤害
13102	破天箭	1	17	212	3	163		1	0	0	0	0	300	6000	0	320	1	1		1	1					100	1		运用上古箭法-破天对目周围3米范围造成91%攻击伤害，附加25点直接伤害。
13102	破天箭	2	17	212	3	163		1	0	0	0	0	300	6000	0	320	1	1		1	1					100	1		运用上古箭法-破天对目周围3米范围造成92%攻击伤害，附加50点直接伤害。
13102	破天箭	3	17	212	3	163		1	0	0	0	0	300	6000	0	320	1	1		1	1					100	1		运用上古箭法-破天对目周围3米范围造成93%攻击伤害，附加75点直接伤害。
13102	破天箭	4	17	212	3	163		1	0	0	0	0	300	6000	0	320	1	1		1	1					100	1		运用上古箭法-破天对目周围3米范围造成94%攻击伤害，附加100点直接伤害。
13102	破天箭	5	17	212	3	163		1	0	0	0	0	300	6000	0	320	1	1		1	1					100	1		运用上古箭法-破天对目周围3米范围造成95%攻击伤害，附加125点直接伤害。
13102	破天箭	6	17	212	3	163		1	0	0	0	0	300	6000	0	320	1	1		1	1					100	1		运用上古箭法-破天对目周围3米范围造成96%攻击伤害，附加150点直接伤害。
13102	破天箭	7	17	212	3	163		1	0	0	0	0	300	6000	0	320	1	1		1	1					100	1		运用上古箭法-破天对目周围3米范围造成97%攻击伤害，附加175点直接伤害。
13102	破天箭	8	17	212	3	163		1	0	0	0	0	300	6000	0	320	1	1		1	1					100	1		运用上古箭法-破天对目周围3米范围造成98%攻击伤害，附加200点直接伤害。
13102	破天箭	9	17	212	3	163		1	0	0	0	0	300	6000	0	320	1	1		1	1					100	1		运用上古箭法-破天对目周围3米范围造成99%攻击伤害，附加225点直接伤害。
13102	破天箭	10	17	212	3	163		1	0	0	0	0	300	8000	0	320	1	1		1	1					100	1		运用上古箭法-破天对目周围3米范围造成100%攻击伤害，附加250点直接伤害。
13103	冰魂箭	1	18	204	3	164	100	1	0	0	0	0	400	8000	0	320	1	1		1	1					100	1		运用冰魄附着在箭上，对目标周围3米范围造成155%攻击伤害，附加110点直接伤害，并有11%几率让目标冰冻3秒
13103	冰魂箭	2	18	204	3	164	100	1	0	0	0	0	400	8000	0	320	1	1		1	1					100	1		运用冰魄附着在箭上，对目标周围3米范围造成160%攻击伤害，附加120点直接伤害，并有12%几率让目标冰冻3秒
13103	冰魂箭	3	18	204	3	164	100	1	0	0	0	0	400	8000	0	320	1	1		1	1					100	1		运用冰魄附着在箭上，对目标周围3米范围造成165%攻击伤害，附加130点直接伤害，并有13%几率让目标冰冻3秒
13103	冰魂箭	4	18	204	3	164	100	1	0	0	0	0	400	8000	0	320	1	1		1	1					100	1		运用冰魄附着在箭上，对目标周围3米范围造成170%攻击伤害，附加140点直接伤害，并有14%几率让目标冰冻3秒
13103	冰魂箭	5	18	204	3	164	100	1	0	0	0	0	400	8000	0	320	1	1		1	1					100	1		运用冰魄附着在箭上，对目标周围3米范围造成175%攻击伤害，附加150点直接伤害，并有15%几率让目标冰冻3秒
13103	冰魂箭	6	18	204	3	164	100	1	0	0	0	0	400	8000	0	320	1	1		1	1					100	1		运用冰魄附着在箭上，对目标周围3米范围造成180%攻击伤害，附加160点直接伤害，并有16%几率让目标冰冻3秒
13103	冰魂箭	7	18	204	3	164	100	1	0	0	0	0	400	8000	0	320	1	1		1	1					100	1		运用冰魄附着在箭上，对目标周围3米范围造成185%攻击伤害，附加170点直接伤害，并有17%几率让目标冰冻3秒
13103	冰魂箭	8	18	204	3	164	100	1	0	0	0	0	400	8000	0	320	1	1		1	1					100	1		运用冰魄附着在箭上，对目标周围3米范围造成190%攻击伤害，附加180点直接伤害，并有18%几率让目标冰冻3秒
13103	冰魂箭	9	18	204	3	164	100	1	0	0	0	0	400	8000	0	320	1	1		1	1					100	1		运用冰魄附着在箭上，对目标周围3米范围造成195%攻击伤害，附加190点直接伤害，并有19%几率让目标冰冻3秒
13103	冰魂箭	10	18	204	3	164	100	1	0	0	0	0	400	15000	0	320	1	1		1	1					100	1		运用冰魄附着在箭上，对目标周围3米范围造成200%攻击伤害，附加200点直接伤害，并有20%几率让目标冰冻3秒
13104	后羿神箭	1	19	202	3	165	100	1	0	0	0	0	750	15000	0	320	1	1		1	1					100	1		运用后羿神箭之力，对目标造成210%攻击伤害，附加550点直接伤害，并有21%几率让目标沉默3秒
13104	后羿神箭	2	19	202	3	165	100	1	0	0	0	0	750	15000	0	320	1	1		1	1					100	1		运用后羿神箭之力，对目标造成220%攻击伤害，附加600点直接伤害，并有22%几率让目标沉默3秒
13104	后羿神箭	3	19	202	3	165	100	1	0	0	0	0	750	15000	0	320	1	1		1	1					100	1		运用后羿神箭之力，对目标造成230%攻击伤害，附加650点直接伤害，并有23%几率让目标沉默3秒
13104	后羿神箭	4	19	202	3	165	100	1	0	0	0	0	750	15000	0	320	1	1		1	1					100	1		运用后羿神箭之力，对目标造成240%攻击伤害，附加700点直接伤害，并有24%几率让目标沉默3秒
13104	后羿神箭	5	19	202	3	165	100	1	0	0	0	0	750	15000	0	320	1	1		1	1					100	1		运用后羿神箭之力，对目标造成250%攻击伤害，附加750点直接伤害，并有25%几率让目标沉默3秒
13104	后羿神箭	6	19	202	3	165	100	1	0	0	0	0	750	15000	0	320	1	1		1	1					100	1		运用后羿神箭之力，对目标造成260%攻击伤害，附加800点直接伤害，并有26%几率让目标沉默3秒
13104	后羿神箭	7	19	202	3	165	100	1	0	0	0	0	750	15000	0	320	1	1		1	1					100	1		运用后羿神箭之力，对目标造成270%攻击伤害，附加850点直接伤害，并有27%几率让目标沉默3秒
13104	后羿神箭	8	19	202	3	165	100	1	0	0	0	0	750	15000	0	320	1	1		1	1					100	1		运用后羿神箭之力，对目标造成280%攻击伤害，附加900点直接伤害，并有28%几率让目标沉默3秒
13104	后羿神箭	9	19	202	3	165	100	1	0	0	0	0	750	15000	0	320	1	1		1	1					100	1		运用后羿神箭之力，对目标造成290%攻击伤害，附加950点直接伤害，并有29%几率让目标沉默3秒
13104	后羿神箭	10	19	202	3	165	100	1	0	0	0	0	750	15000	0	320	1	1		1	1					100	1		运用后羿神箭之力，对目标造成300%攻击伤害，附加1000点直接伤害，并有30%几率让目标沉默3秒
																													
19010	普通攻击	1		501	2			0	0	0	0	0	0	1000	0	320	1	1		1	0			1		100	1		普通攻击
19000	雷神一击	1	24	502	2	166	30	0	0	0	0	0	5	2000	0	320	1	1		1	1					100	1		对目标造成150%攻击伤害，附加200点神圣伤害
19000	雷神一击	2	24	502	2	166	30	1	0	0	0	0	5	2000	0	320	1	1		1	1					100	1		对目标造成155%攻击伤害，附加400点神圣伤害
19000	雷神一击	3	24	502	2	166	30	1	0	0	0	0	5	2000	0	320	1	1		1	1					100	1		对目标造成160%攻击伤害，附加600点神圣伤害
19000	雷神一击	4	24	502	2	166	30	1	0	0	0	0	5	2000	0	320	1	1		1	1					100	1		对目标造成165%攻击伤害，附加800点神圣伤害
19000	雷神一击	5	24	502	2	166	30	1	0	0	0	0	5	2000	0	320	1	1		1	1					100	1		对目标造成170%攻击伤害，附加1000点神圣伤害
19000	雷神一击	6	24	502	2	166	30	1	0	0	0	0	5	2000	0	320	1	1		1	1					100	1		对目标造成180%攻击伤害，附加1200点神圣伤害
19000	雷神一击	7	24	502	2	166	30	1	0	0	0	0	5	2000	0	320	1	1		1	1					100	1		对目标造成190%攻击伤害，附加1400点神圣伤害
19000	雷神一击	8	24	502	2	166	30	1	0	0	0	0	5	2000	0	320	1	1		1	1					100	1		对目标造成200%攻击伤害，附加1600点神圣伤害
19000	雷神一击	9	24	502	2	166	30	1	0	0	0	0	5	2000	0	320	1	1		1	1					100	1		对目标造成210%攻击伤害，附加1800点神圣伤害
19000	雷神一击	10	24	502	2	166	30	1	0	0	0	0	5	2000	0	320	1	1		1	1					100	1		对目标造成220%攻击伤害，附加2000点神圣伤害
19001	雷神一击强化	1	25	503	2			1	0	1	0	0	0	0	0	320													强化雷神一击技能，15%几率对目标及目标周围造成额外50%攻击伤害，及300点神圣伤害
19001	雷神一击强化	2	25	503	2			1	0	1	0	0	0	0	0	320													强化雷神一击技能，20%几率对目标及目标周围造成额外55%攻击伤害，及500点神圣伤害
19001	雷神一击强化	3	25	503	2			1	0	1	0	0	0	0	0	320													强化雷神一击技能，25%几率对目标及目标周围造成额外60%攻击伤害，及700点神圣伤害
19001	雷神一击强化	4	25	503	2			1	0	1	0	0	0	0	0	320													强化雷神一击技能，30%几率对目标及目标周围造成额外65%攻击伤害，及900点神圣伤害
19001	雷神一击强化	5	25	503	2			1	0	1	0	0	0	0	0	320													强化雷神一击技能，35%几率对目标及目标周围造成额外70%攻击伤害，及1100点神圣伤害
19001	雷神一击强化	6	25	503	2			1	0	1	0	0	0	0	0	320													强化雷神一击技能，40%几率对目标及目标周围造成额外75%攻击伤害，及1300点神圣伤害
19001	雷神一击强化	7	25	503	2			1	0	1	0	0	0	0	0	320													强化雷神一击技能，45%几率对目标及目标周围造成额外80%攻击伤害，及1500点神圣伤害
19001	雷神一击强化	8	25	503	2			1	0	1	0	0	0	0	0	320													强化雷神一击技能，50%几率对目标及目标周围造成额外85%攻击伤害，及1700点神圣伤害
19001	雷神一击强化	9	25	503	2			1	0	1	0	0	0	0	0	320													强化雷神一击技能，55%几率对目标及目标周围造成额外90%攻击伤害，及1900点神圣伤害
19001	雷神一击强化	10	25	503	2			1	0	1	0	0	0	0	0	320													强化雷神一击技能，60%几率对目标及目标周围造成额外100%攻击伤害，及2200点神圣伤害
19002	裂地击	1	26	504	2	167	50	1	0	0	0	0	12	6000	0	320	1	1		1	1					100	1		对目标造成120%攻击伤害，附加50点直接伤害
19002	裂地击	2	26	504	2	167	50	1	0	0	0	0	12	6000	0	320	1	1		1	1					100	1		对目标造成140%攻击伤害，附加100点直接伤害
19002	裂地击	3	26	504	2	167	50	1	0	0	0	0	12	6000	0	320	1	1		1	1					100	1		对目标造成160%攻击伤害，附加150点直接伤害
19002	裂地击	4	26	504	2	167	50	1	0	0	0	0	12	6000	0	320	1	1		1	1					100	1		对目标造成180%攻击伤害，附加200点直接伤害
19002	裂地击	5	26	504	2	167	50	1	0	0	0	0	12	6000	0	320	1	1		1	1					100	1		对目标造成200%攻击伤害，附加250点直接伤害
19002	裂地击	6	26	504	2	167	50	1	0	0	0	0	12	6000	0	320	1	1		1	1					100	1		对目标造成220%攻击伤害，附加300点直接伤害
19002	裂地击	7	26	504	2	167	50	1	0	0	0	0	12	6000	0	320	1	1		1	1					100	1		对目标造成240%攻击伤害，附加350点直接伤害
19002	裂地击	8	26	504	2	167	50	1	0	0	0	0	12	6000	0	320	1	1		1	1					100	1		对目标造成260%攻击伤害，附加400点直接伤害
19002	裂地击	9	26	504	2	167	50	1	0	0	0	0	12	6000	0	320	1	1		1	1					100	1		对目标造成280%攻击伤害，附加450点直接伤害
19002	裂地击	10	26	504	2	167	50	1	0	0	0	0	12	6000	0	320	1	1		1	1					100	1		对目标造成300%攻击伤害，附加500点直接伤害
19003	裂地击强化	1	27		2			1	0	1	0	0	0	5000	0	320													强化裂地击技能，使其在施放时有5%几率给自身恢复2500点生命值
19003	裂地击强化	2	27		2			1	0	1	0	0	0	5000	0	320													强化裂地击技能，使其在施放时有5%几率给自身恢复5000点生命值
19003	裂地击强化	3	27		2			1	0	1	0	0	0	5000	0	320													强化裂地击技能，使其在施放时有5%几率给自身恢复7500点生命值
19003	裂地击强化	4	27		2			1	0	1	0	0	0	5000	0	320													强化裂地击技能，使其在施放时有5%几率给自身恢复10000点生命值
19003	裂地击强化	5	27		2			1	0	1	0	0	0	5000	0	320													强化裂地击技能，使其在施放时有5%几率给自身恢复12500点生命值
19003	裂地击强化	6	27		2			1	0	1	0	0	0	5000	0	320													强化裂地击技能，使其在施放时有6%几率给自身恢复15000点生命值
19003	裂地击强化	7	27		2			1	0	1	0	0	0	5000	0	320													强化裂地击技能，使其在施放时有7%几率给自身恢复17500点生命值
19003	裂地击强化	8	27		2			1	0	1	0	0	0	5000	0	320													强化裂地击技能，使其在施放时有8%几率给自身恢复20000点生命值
19003	裂地击强化	9	27		2			1	0	1	0	0	0	5000	0	320													强化裂地击技能，使其在施放时有9%几率给自身恢复22500点生命值
19003	裂地击强化	10	27		2			1	0	1	0	0	0	5000	0	320													强化裂地击技能，使其在施放时有10%几率给自身恢复25000点生命值
19004	降龙破	1	28	505	2	168	100	1	0	0	0	0	15	7000	0	320	1	1		1	1					100	1		对目标周围3米范围造成130%攻击伤害，附加30点神圣伤害
19004	降龙破	2	28	505	2	168	100	1	0	0	0	0	15	7000	0	320	1	1		1	1					100	1		对目标周围3米范围造成140%攻击伤害，附加60点神圣伤害
19004	降龙破	3	28	505	2	168	100	1	0	0	0	0	15	7000	0	320	1	1		1	1					100	1		对目标周围3米范围造成150%攻击伤害，附加90点神圣伤害
19004	降龙破	4	28	505	2	168	100	1	0	0	0	0	15	7000	0	320	1	1		1	1					100	1		对目标周围3米范围造成160%攻击伤害，附加120点神圣伤害
19004	降龙破	5	28	505	2	168	100	1	0	0	0	0	15	7000	0	320	1	1		1	1					100	1		对目标周围3米范围造成170%攻击伤害，附加150点神圣伤害
19004	降龙破	6	28	505	2	168	100	1	0	0	0	0	15	7000	0	320	1	1		1	1					100	1		对目标周围3米范围造成180%攻击伤害，附加180点神圣伤害
19004	降龙破	7	28	505	2	168	100	1	0	0	0	0	15	7000	0	320	1	1		1	1					100	1		对目标周围3米范围造成190%攻击伤害，附加210点神圣伤害
19004	降龙破	8	28	505	2	168	100	1	0	0	0	0	15	7000	0	320	1	1		1	1					100	1		对目标周围3米范围造成200%攻击伤害，附加240点神圣伤害
19004	降龙破	9	28	505	2	168	100	1	0	0	0	0	15	7000	0	320	1	1		1	1					100	1		对目标周围3米范围造成210%攻击伤害，附加270点神圣伤害
19004	降龙破	10	28	505	2	168	100	1	0	0	0	0	15	7000	0	320	1	1		1	1					100	1		对目标周围3米范围造成220%攻击伤害，附加300点神圣伤害
19005	降龙破强化	1	29		2			1	0	1	0	0	0	0	0	320													强化降龙破技能，使其在施放时有2%几率让目标减速3秒
19005	降龙破强化	2	29		2			1	0	1	0	0	0	0	0	320													强化降龙破技能，使其在施放时有4%几率让目标减速3秒
19005	降龙破强化	3	29		2			1	0	1	0	0	0	0	0	320													强化降龙破技能，使其在施放时有6%几率让目标减速3秒
19005	降龙破强化	4	29		2			1	0	1	0	0	0	0	0	320													强化降龙破技能，使其在施放时有8%几率让目标减速3秒
19005	降龙破强化	5	29		2			1	0	1	0	0	0	0	0	320													强化降龙破技能，使其在施放时有10%几率让目标减速3秒
19005	降龙破强化	6	29		2			1	0	1	0	0	0	0	0	320													强化降龙破技能，使其在施放时有12%几率让目标减速3秒
19005	降龙破强化	7	29		2			1	0	1	0	0	0	0	0	320													强化降龙破技能，使其在施放时有14%几率让目标减速3秒
19005	降龙破强化	8	29		2			1	0	1	0	0	0	0	0	320													强化降龙破技能，使其在施放时有16%几率让目标减速3秒
19005	降龙破强化	9	29		2			1	0	1	0	0	0	0	0	320													强化降龙破技能，使其在施放时有18%几率让目标减速3秒
19005	降龙破强化	10	29		2			1	0	1	0	0	0	0	0	320													强化降龙破技能，使其在施放时有20%几率让目标减速3秒
19006	幽冥阵	1	30	506	2	169	100	1	0	0	0	0	20	5000	0	320	1	1		1	1					100	1		对目标造成180%攻击伤害，附加1100点直接伤害
19006	幽冥阵	2	30	506	2	169	100	1	0	0	0	0	20	5000	0	320	1	1		1	1					100	1		对目标造成210%攻击伤害，附加1200点直接伤害
19006	幽冥阵	3	30	506	2	169	100	1	0	0	0	0	20	5000	0	320	1	1		1	1					100	1		对目标造成240%攻击伤害，附加1300点直接伤害
19006	幽冥阵	4	30	506	2	169	100	1	0	0	0	0	20	5000	0	320	1	1		1	1					100	1		对目标造成270%攻击伤害，附加1400点直接伤害
19006	幽冥阵	5	30	506	2	169	100	1	0	0	0	0	20	5000	0	320	1	1		1	1					100	1		对目标造成300%攻击伤害，附加1500点直接伤害
19006	幽冥阵	6	30	506	2	169	100	1	0	0	0	0	20	5000	0	320	1	1		1	1					100	1		对目标造成330%攻击伤害，附加1600点直接伤害
19006	幽冥阵	7	30	506	2	169	100	1	0	0	0	0	20	5000	0	320	1	1		1	1					100	1		对目标造成360%攻击伤害，附加1700点直接伤害
19006	幽冥阵	8	30	506	2	169	100	1	0	0	0	0	20	5000	0	320	1	1		1	1					100	1		对目标造成390%攻击伤害，附加1800点直接伤害
19006	幽冥阵	9	30	506	2	169	100	1	0	0	0	0	20	5000	0	320	1	1		1	1					100	1		对目标造成420%攻击伤害，附加1900点直接伤害
19006	幽冥阵	10	30	506	2	169	100	1	0	0	0	0	20	5000	0	320	1	1		1	1					100	1		对目标造成450%攻击伤害，附加2000点直接伤害
19007	幽冥阵强化	1	31		2			1	0	1	0	0	0	0	0	320													强化幽冥阵技能，使其在施放时有2%几率让目标昏迷3秒
19007	幽冥阵强化	2	31		2			1	0	1	0	0	0	0	0	320													强化幽冥阵技能，使其在施放时有4%几率让目标昏迷3秒
19007	幽冥阵强化	3	31		2			1	0	1	0	0	0	0	0	320													强化幽冥阵技能，使其在施放时有6%几率让目标昏迷3秒
19007	幽冥阵强化	4	31		2			1	0	1	0	0	0	0	0	320													强化幽冥阵技能，使其在施放时有8%几率让目标昏迷3秒
19007	幽冥阵强化	5	31		2			1	0	1	0	0	0	0	0	320													强化幽冥阵技能，使其在施放时有10%几率让目标昏迷3秒
19007	幽冥阵强化	6	31		2			1	0	1	0	0	0	0	0	320													强化幽冥阵技能，使其在施放时有15%几率让目标昏迷3秒
19007	幽冥阵强化	7	31		2			1	0	1	0	0	0	0	0	320													强化幽冥阵技能，使其在施放时有20%几率让目标昏迷3秒
19007	幽冥阵强化	8	31		2			1	0	1	0	0	0	0	0	320													强化幽冥阵技能，使其在施放时有25%几率让目标昏迷3秒
19007	幽冥阵强化	9	31		2			1	0	1	0	0	0	0	0	320													强化幽冥阵技能，使其在施放时有30%几率让目标昏迷3秒
19007	幽冥阵强化	10	31		2			1	0	1	0	0	0	0	0	320													强化幽冥阵技能，使其在施放时有35%几率让目标昏迷3秒
																													
19101	生命强化	1	32					0	0	1	0	0	0	0	0	320					0								永久提升玩家总生命值上限2%
19101	生命强化	2	32					1	0	1	0	0	0	0	0	320					0								永久提升玩家总生命值上限4%
19101	生命强化	3	32					1	0	1	0	0	0	0	0	320					0								永久提升玩家总生命值上限6%
19101	生命强化	4	32					1	0	1	0	0	0	0	0	320					0								永久提升玩家总生命值上限8%
19101	生命强化	5	32					1	0	1	0	0	0	0	0	320					0								永久提升玩家总生命值上限10%
19101	生命强化	6	32					1	0	1	0	0	0	0	0	320					0								永久提升玩家总生命值上限15%
19101	生命强化	7	32					1	0	1	0	0	0	0	0	320					0								永久提升玩家总生命值上限20%
19101	生命强化	8	32					1	0	1	0	0	0	0	0	320					0								永久提升玩家总生命值上限25%
19101	生命强化	9	32					1	0	1	0	0	0	0	0	320					0								永久提升玩家总生命值上限30%
19101	生命强化	10	32					1	0	1	0	0	0	0	0	320					0								永久提升玩家总生命值上限35%
19102	雷动九天	1	33	601				1	0	1	0	0	0	10000	0	320	1	1			0					100	1		被动触发技能，有5%几率在攻击时触发对目标周围3米范围造成110%攻击伤害的效果
19102	雷动九天	2	33	601				1	0	1	0	0	0	10000	0	320	1	1			0					100	1		被动触发技能，有5%几率在攻击时触发对目标周围3米范围造成120%攻击伤害的效果
19102	雷动九天	3	33	601				1	0	1	0	0	0	10000	0	320	1	1			0					100	1		被动触发技能，有5%几率在攻击时触发对目标周围3米范围造成130%攻击伤害的效果
19102	雷动九天	4	33	601				1	0	1	0	0	0	10000	0	320	1	1			0					100	1		被动触发技能，有5%几率在攻击时触发对目标周围3米范围造成140%攻击伤害的效果
19102	雷动九天	5	33	601				1	0	1	0	0	0	10000	0	320	1	1			0					100	1		被动触发技能，有5%几率在攻击时触发对目标周围3米范围造成150%攻击伤害的效果
19102	雷动九天	6	33	601				1	0	1	0	0	0	10000	0	320	1	1			0					100	1		被动触发技能，有6%几率在攻击时触发对目标周围3米范围造成160%攻击伤害的效果
19102	雷动九天	7	33	601				1	0	1	0	0	0	10000	0	320	1	1			0					100	1		被动触发技能，有7%几率在攻击时触发对目标周围3米范围造成170%攻击伤害的效果
19102	雷动九天	8	33	601				1	0	1	0	0	0	10000	0	320	1	1			0					100	1		被动触发技能，有8%几率在攻击时触发对目标周围3米范围造成180%攻击伤害的效果
19102	雷动九天	9	33	601				1	0	1	0	0	0	10000	0	320	1	1			0					100	1		被动触发技能，有9%几率在攻击时触发对目标周围3米范围造成190%攻击伤害的效果
19102	雷动九天	10	33	601				1	0	1	0	0	0	10000	0	320	1	1			0					100	1		被动触发技能，有10%几率在攻击时触发对目标周围3米范围造成200%攻击伤害的效果
19103	防御强化	1	34					1	0	1	0	0	0	0	0	320					0								永久提升玩家总防御力2%
19103	防御强化	2	34					1	0	1	0	0	0	0	0	320					0								永久提升玩家总防御力4%
19103	防御强化	3	34					1	0	1	0	0	0	0	0	320					0								永久提升玩家总防御力6%
19103	防御强化	4	34					1	0	1	0	0	0	0	0	320					0								永久提升玩家总防御力8%
19103	防御强化	5	34					1	0	1	0	0	0	0	0	320					0								永久提升玩家总防御力10%
19103	防御强化	6	34					1	0	1	0	0	0	0	0	320					0								永久提升玩家总防御力15%
19103	防御强化	7	34					1	0	1	0	0	0	0	0	320					0								永久提升玩家总防御力20%
19103	防御强化	8	34					1	0	1	0	0	0	0	0	320					0								永久提升玩家总防御力25%
19103	防御强化	9	34					1	0	1	0	0	0	0	0	320					0								永久提升玩家总防御力30%
19103	防御强化	10	34					1	0	1	0	0	0	0	0	320					0								永久提升玩家总防御力35%
19104	火焰护盾	1	35	602				1	0	1	0	0	0	10000	0	320	2	1			0					100	1		被动触发技能，有5%几率在攻击时触发给自己增加持续6秒总共吸收2500点伤害的护盾
19104	火焰护盾	2	35	602				1	0	1	0	0	0	10000	0	320	2	1			0					100	1		被动触发技能，有5%几率在攻击时触发给自己增加持续6秒总共吸收5000点伤害的护盾
19104	火焰护盾	3	35	602				1	0	1	0	0	0	10000	0	320	2	1			0					100	1		被动触发技能，有5%几率在攻击时触发给自己增加持续6秒总共吸收7500点伤害的护盾
19104	火焰护盾	4	35	602				1	0	1	0	0	0	10000	0	320	2	1			0					100	1		被动触发技能，有5%几率在攻击时触发给自己增加持续6秒总共吸收10000点伤害的护盾
19104	火焰护盾	5	35	602				1	0	1	0	0	0	10000	0	320	2	1			0					100	1		被动触发技能，有5%几率在攻击时触发给自己增加持续6秒总共吸收12500点伤害的护盾
19104	火焰护盾	6	35	602				1	0	1	0	0	0	10000	0	320	2	1			0					100	1		被动触发技能，有6%几率在攻击时触发给自己增加持续6秒总共吸收20000点伤害的护盾
19104	火焰护盾	7	35	602				1	0	1	0	0	0	10000	0	320	2	1			0					100	1		被动触发技能，有7%几率在攻击时触发给自己增加持续6秒总共吸收27500点伤害的护盾
19104	火焰护盾	8	35	602				1	0	1	0	0	0	10000	0	320	2	1			0					100	1		被动触发技能，有8%几率在攻击时触发给自己增加持续6秒总共吸收35000点伤害的护盾
19104	火焰护盾	9	35	602				1	0	1	0	0	0	10000	0	320	2	1			0					100	1		被动触发技能，有9%几率在攻击时触发给自己增加持续6秒总共吸收42500点伤害的护盾
19104	火焰护盾	10	35	602				1	0	1	0	0	0	10000	0	320	2	1			0					100	1		被动触发技能，有10%几率在攻击时触发给自己增加持续6秒总共吸收50000点伤害的护盾
19105	攻击强化	1	36					1	0	1	0	0	0	0	0	320					0								永久提升玩家总攻击力2%
19105	攻击强化	2	36					1	0	1	0	0	0	0	0	320					0								永久提升玩家总攻击力4%
19105	攻击强化	3	36					1	0	1	0	0	0	0	0	320					0								永久提升玩家总攻击力6%
19105	攻击强化	4	36					1	0	1	0	0	0	0	0	320					0								永久提升玩家总攻击力8%
19105	攻击强化	5	36					1	0	1	0	0	0	0	0	320					0								永久提升玩家总攻击力10%
19105	攻击强化	6	36					1	0	1	0	0	0	0	0	320					0								永久提升玩家总攻击力15%
19105	攻击强化	7	36					1	0	1	0	0	0	0	0	320					0								永久提升玩家总攻击力20%
19105	攻击强化	8	36					1	0	1	0	0	0	0	0	320					0								永久提升玩家总攻击力25%
19105	攻击强化	9	36					1	0	1	0	0	0	0	0	320					0								永久提升玩家总攻击力30%
19105	攻击强化	10	36					1	0	1	0	0	0	0	0	320					0								永久提升玩家总攻击力35%
19106	回春术	1	37	603				1	0	1	0	0	0	10000	0	320	2	1			0					100	1		被动触发技能，有5%几率在攻击时触发给自己增加每秒恢复50点生命值，持续5秒的恢复效果
19106	回春术	2	37	603				1	0	1	0	0	0	10000	0	320	2	1			0					100	1		被动触发技能，有5%几率在攻击时触发给自己增加每秒恢复100点生命值，持续5秒的恢复效果
19106	回春术	3	37	603				1	0	1	0	0	0	10000	0	320	2	1			0					100	1		被动触发技能，有5%几率在攻击时触发给自己增加每秒恢复150点生命值，持续5秒的恢复效果
19106	回春术	4	37	603				1	0	1	0	0	0	10000	0	320	2	1			0					100	1		被动触发技能，有5%几率在攻击时触发给自己增加每秒恢复200点生命值，持续5秒的恢复效果
19106	回春术	5	37	603				1	0	1	0	0	0	10000	0	320	2	1			0					100	1		被动触发技能，有5%几率在攻击时触发给自己增加每秒恢复250点生命值，持续5秒的恢复效果
19106	回春术	6	37	603				1	0	1	0	0	0	10000	0	320	2	1			0					100	1		被动触发技能，有6%几率在攻击时触发给自己增加每秒恢复400点生命值，持续6秒的恢复效果
19106	回春术	7	37	603				1	0	1	0	0	0	10000	0	320	2	1			0					100	1		被动触发技能，有7%几率在攻击时触发给自己增加每秒恢复550点生命值，持续7秒的恢复效果
19106	回春术	8	37	603				1	0	1	0	0	0	10000	0	320	2	1			0					100	1		被动触发技能，有8%几率在攻击时触发给自己增加每秒恢复700点生命值，持续8秒的恢复效果
19106	回春术	9	37	603				1	0	1	0	0	0	10000	0	320	2	1			0					100	1		被动触发技能，有9%几率在攻击时触发给自己增加每秒恢复850点生命值，持续9秒的恢复效果
19106	回春术	10	37	603				1	0	1	0	0	0	10000	0	320	2	1			0					100	1		被动触发技能，有10%几率在攻击时触发给自己增加每秒恢复1000点生命值，持续10秒的恢复效果
19107	暴击强化	1	38					1	0	1	0	0	0	0	0	320					0								永久提升自身暴击值100
19107	暴击强化	2	38					1	0	1	0	0	0	0	0	320					0								永久提升自身暴击值200
19107	暴击强化	3	38					1	0	1	0	0	0	0	0	320					0								永久提升自身暴击值300
19107	暴击强化	4	38					1	0	1	0	0	0	0	0	320					0								永久提升自身暴击值400
19107	暴击强化	5	38					1	0	1	0	0	0	0	0	320					0								永久提升自身暴击值500
19107	暴击强化	6	38					1	0	1	0	0	0	0	0	320					0								永久提升自身暴击值800
19107	暴击强化	7	38					1	0	1	0	0	0	0	0	320					0								永久提升自身暴击值1100
19107	暴击强化	8	38					1	0	1	0	0	0	0	0	320					0								永久提升自身暴击值1400
19107	暴击强化	9	38					1	0	1	0	0	0	0	0	320					0								永久提升自身暴击值1700
19107	暴击强化	10	38					1	0	1	0	0	0	0	0	320					0								永久提升自身暴击值2000
19108	万魔朝宗	1	39	604				1	0	1	0	0	0	10000	0	320	1	1			0					100	1		被动触发技能，有5%几率在攻击时触发对目标周围3米范围造成170%攻击伤害，并有5%几率让被攻击目标定身3秒
19108	万魔朝宗	2	39	604				1	0	1	0	0	0	10000	0	320	1	1			0					100	1		被动触发技能，有5%几率在攻击时触发对目标周围3米范围造成190%攻击伤害，并有5%几率让被攻击目标定身3秒
19108	万魔朝宗	3	39	604				1	0	1	0	0	0	10000	0	320	1	1			0					100	1		被动触发技能，有5%几率在攻击时触发对目标周围3米范围造成210%攻击伤害，并有5%几率让被攻击目标定身3秒
19108	万魔朝宗	4	39	604				1	0	1	0	0	0	10000	0	320	1	1			0					100	1		被动触发技能，有5%几率在攻击时触发对目标周围3米范围造成230%攻击伤害，并有5%几率让被攻击目标定身3秒
19108	万魔朝宗	5	39	604				1	0	1	0	0	0	10000	0	320	1	1			0					100	1		被动触发技能，有5%几率在攻击时触发对目标周围3米范围造成250%攻击伤害，并有5%几率让被攻击目标定身3秒
19108	万魔朝宗	6	39	604				1	0	1	0	0	0	10000	0	320	1	1			0					100	1		被动触发技能，有6%几率在攻击时触发对目标周围3米范围造成300%攻击伤害，并有7%几率让被攻击目标定身3秒
19108	万魔朝宗	7	39	604				1	0	1	0	0	0	10000	0	320	1	1			0					100	1		被动触发技能，有7%几率在攻击时触发对目标周围3米范围造成350%攻击伤害，并有9%几率让被攻击目标定身3秒
19108	万魔朝宗	8	39	604				1	0	1	0	0	0	10000	0	320	1	1			0					100	1		被动触发技能，有8%几率在攻击时触发对目标周围3米范围造成400%攻击伤害，并有11%几率让被攻击目标定身3秒
19108	万魔朝宗	9	39	604				1	0	1	0	0	0	10000	0	320	1	1			0					100	1		被动触发技能，有9%几率在攻击时触发对目标周围3米范围造成450%攻击伤害，并有13%几率让被攻击目标定身3秒
19108	万魔朝宗	10	39	604				1	0	1	0	0	0	10000	0	320	1	1			0					100	1		被动触发技能，有10%几率在攻击时触发对目标周围3米范围造成500%攻击伤害，并有15%几率让被攻击目标定身3秒
																													
14001	生命	1	40					1		1																			永久提升自身生命173
14001	生命	2	40					1		1																			永久提升自身生命346
14001	生命	3	40					1		1																			永久提升自身生命519
14001	生命	4	40					1		1																			永久提升自身生命692
14001	生命	5	40					1		1																			永久提升自身生命865
14001	生命	6	40					1		1																			永久提升自身生命1038
14001	生命	7	40					1		1																			永久提升自身生命1211
14001	生命	8	40					1		1																			永久提升自身生命1384
14001	生命	9	40					1		1																			永久提升自身生命1557
14001	生命	10	40					1		1																			永久提升自身生命1730
14001	生命	11	40					1		1																			永久提升自身生命1903
14001	生命	12	40					1		1																			永久提升自身生命2076
14001	生命	13	40					1		1																			永久提升自身生命2249
14001	生命	14	40					1		1																			永久提升自身生命2422
14001	生命	15	40					1		1																			永久提升自身生命2595
14001	生命	16	40					1		1																			永久提升自身生命2768
14001	生命	17	40					1		1																			永久提升自身生命2941
14001	生命	18	40					1		1																			永久提升自身生命3114
14001	生命	19	40					1		1																			永久提升自身生命3287
14001	生命	20	40					1		1																			永久提升自身生命3460
14001	生命	21	40					1		1																			永久提升自身生命3633
14001	生命	22	40					1		1																			永久提升自身生命3806
14001	生命	23	40					1		1																			永久提升自身生命3979
14001	生命	24	40					1		1																			永久提升自身生命4152
14001	生命	25	40					1		1																			永久提升自身生命4325
14001	生命	26	40					1		1																			永久提升自身生命4498
14001	生命	27	40					1		1																			永久提升自身生命4671
14001	生命	28	40					1		1																			永久提升自身生命4844
14001	生命	29	40					1		1																			永久提升自身生命5017
14001	生命	30	40					1		1																			永久提升自身生命5190
14001	生命	31	40					1		1																			永久提升自身生命5363
14001	生命	32	40					1		1																			永久提升自身生命5536
14001	生命	33	40					1		1																			永久提升自身生命5709
14001	生命	34	40					1		1																			永久提升自身生命5882
14001	生命	35	40					1		1																			永久提升自身生命6055
14001	生命	36	40					1		1																			永久提升自身生命6228
14001	生命	37	40					1		1																			永久提升自身生命6401
14001	生命	38	40					1		1																			永久提升自身生命6574
14001	生命	39	40					1		1																			永久提升自身生命6747
14001	生命	40	40					1		1																			永久提升自身生命6920
14001	生命	41	40					1		1																			永久提升自身生命7093
14001	生命	42	40					1		1																			永久提升自身生命7266
14001	生命	43	40					1		1																			永久提升自身生命7439
14001	生命	44	40					1		1																			永久提升自身生命7612
14001	生命	45	40					1		1																			永久提升自身生命7785
14001	生命	46	40					1		1																			永久提升自身生命7958
14001	生命	47	40					1		1																			永久提升自身生命8131
14001	生命	48	40					1		1																			永久提升自身生命8304
14001	生命	49	40					1		1																			永久提升自身生命8477
14001	生命	50	40					1		1																			永久提升自身生命8650
14002	防御	1	41					1		1																			永久提升自身防御8
14002	防御	2	41					1		1																			永久提升自身防御16
14002	防御	3	41					1		1																			永久提升自身防御24
14002	防御	4	41					1		1																			永久提升自身防御32
14002	防御	5	41					1		1																			永久提升自身防御40
14002	防御	6	41					1		1																			永久提升自身防御48
14002	防御	7	41					1		1																			永久提升自身防御56
14002	防御	8	41					1		1																			永久提升自身防御64
14002	防御	9	41					1		1																			永久提升自身防御72
14002	防御	10	41					1		1																			永久提升自身防御80
14002	防御	11	41					1		1																			永久提升自身防御88
14002	防御	12	41					1		1																			永久提升自身防御96
14002	防御	13	41					1		1																			永久提升自身防御104
14002	防御	14	41					1		1																			永久提升自身防御112
14002	防御	15	41					1		1																			永久提升自身防御120
14002	防御	16	41					1		1																			永久提升自身防御128
14002	防御	17	41					1		1																			永久提升自身防御136
14002	防御	18	41					1		1																			永久提升自身防御144
14002	防御	19	41					1		1																			永久提升自身防御152
14002	防御	20	41					1		1																			永久提升自身防御160
14002	防御	21	41					1		1																			永久提升自身防御168
14002	防御	22	41					1		1																			永久提升自身防御176
14002	防御	23	41					1		1																			永久提升自身防御184
14002	防御	24	41					1		1																			永久提升自身防御192
14002	防御	25	41					1		1																			永久提升自身防御200
14002	防御	26	41					1		1																			永久提升自身防御208
14002	防御	27	41					1		1																			永久提升自身防御216
14002	防御	28	41					1		1																			永久提升自身防御224
14002	防御	29	41					1		1																			永久提升自身防御232
14002	防御	30	41					1		1																			永久提升自身防御240
14002	防御	31	41					1		1																			永久提升自身防御248
14002	防御	32	41					1		1																			永久提升自身防御256
14002	防御	33	41					1		1																			永久提升自身防御264
14002	防御	34	41					1		1																			永久提升自身防御272
14002	防御	35	41					1		1																			永久提升自身防御280
14002	防御	36	41					1		1																			永久提升自身防御288
14002	防御	37	41					1		1																			永久提升自身防御296
14002	防御	38	41					1		1																			永久提升自身防御304
14002	防御	39	41					1		1																			永久提升自身防御312
14002	防御	40	41					1		1																			永久提升自身防御320
14002	防御	41	41					1		1																			永久提升自身防御328
14002	防御	42	41					1		1																			永久提升自身防御336
14002	防御	43	41					1		1																			永久提升自身防御344
14002	防御	44	41					1		1																			永久提升自身防御352
14002	防御	45	41					1		1																			永久提升自身防御360
14002	防御	46	41					1		1																			永久提升自身防御368
14002	防御	47	41					1		1																			永久提升自身防御376
14002	防御	48	41					1		1																			永久提升自身防御384
14002	防御	49	41					1		1																			永久提升自身防御392
14002	防御	50	41					1		1																			永久提升自身防御400
14003	攻击	1	42					1		1																			永久提升自身攻击19
14003	攻击	2	42					1		1																			永久提升自身攻击38
14003	攻击	3	42					1		1																			永久提升自身攻击57
14003	攻击	4	42					1		1																			永久提升自身攻击76
14003	攻击	5	42					1		1																			永久提升自身攻击95
14003	攻击	6	42					1		1																			永久提升自身攻击114
14003	攻击	7	42					1		1																			永久提升自身攻击133
14003	攻击	8	42					1		1																			永久提升自身攻击152
14003	攻击	9	42					1		1																			永久提升自身攻击171
14003	攻击	10	42					1		1																			永久提升自身攻击190
14003	攻击	11	42					1		1																			永久提升自身攻击209
14003	攻击	12	42					1		1																			永久提升自身攻击228
14003	攻击	13	42					1		1																			永久提升自身攻击247
14003	攻击	14	42					1		1																			永久提升自身攻击266
14003	攻击	15	42					1		1																			永久提升自身攻击285
14003	攻击	16	42					1		1																			永久提升自身攻击304
14003	攻击	17	42					1		1																			永久提升自身攻击323
14003	攻击	18	42					1		1																			永久提升自身攻击342
14003	攻击	19	42					1		1																			永久提升自身攻击361
14003	攻击	20	42					1		1																			永久提升自身攻击380
14003	攻击	21	42					1		1																			永久提升自身攻击399
14003	攻击	22	42					1		1																			永久提升自身攻击418
14003	攻击	23	42					1		1																			永久提升自身攻击437
14003	攻击	24	42					1		1																			永久提升自身攻击456
14003	攻击	25	42					1		1																			永久提升自身攻击475
14003	攻击	26	42					1		1																			永久提升自身攻击494
14003	攻击	27	42					1		1																			永久提升自身攻击513
14003	攻击	28	42					1		1																			永久提升自身攻击532
14003	攻击	29	42					1		1																			永久提升自身攻击551
14003	攻击	30	42					1		1																			永久提升自身攻击570
14003	攻击	31	42					1		1																			永久提升自身攻击589
14003	攻击	32	42					1		1																			永久提升自身攻击608
14003	攻击	33	42					1		1																			永久提升自身攻击627
14003	攻击	34	42					1		1																			永久提升自身攻击646
14003	攻击	35	42					1		1																			永久提升自身攻击665
14003	攻击	36	42					1		1																			永久提升自身攻击684
14003	攻击	37	42					1		1																			永久提升自身攻击703
14003	攻击	38	42					1		1																			永久提升自身攻击722
14003	攻击	39	42					1		1																			永久提升自身攻击741
14003	攻击	40	42					1		1																			永久提升自身攻击760
14003	攻击	41	42					1		1																			永久提升自身攻击779
14003	攻击	42	42					1		1																			永久提升自身攻击798
14003	攻击	43	42					1		1																			永久提升自身攻击817
14003	攻击	44	42					1		1																			永久提升自身攻击836
14003	攻击	45	42					1		1																			永久提升自身攻击855
14003	攻击	46	42					1		1																			永久提升自身攻击874
14003	攻击	47	42					1		1																			永久提升自身攻击893
14003	攻击	48	42					1		1																			永久提升自身攻击912
14003	攻击	49	42					1		1																			永久提升自身攻击931
14003	攻击	50	42					1		1																			永久提升自身攻击950
14004	抗暴	1	43					1		1																			永久提升自身抗暴16
14004	抗暴	2	43					1		1																			永久提升自身抗暴32
14004	抗暴	3	43					1		1																			永久提升自身抗暴48
14004	抗暴	4	43					1		1																			永久提升自身抗暴64
14004	抗暴	5	43					1		1																			永久提升自身抗暴80
14004	抗暴	6	43					1		1																			永久提升自身抗暴96
14004	抗暴	7	43					1		1																			永久提升自身抗暴112
14004	抗暴	8	43					1		1																			永久提升自身抗暴128
14004	抗暴	9	43					1		1																			永久提升自身抗暴144
14004	抗暴	10	43					1		1																			永久提升自身抗暴160
14004	抗暴	11	43					1		1																			永久提升自身抗暴176
14004	抗暴	12	43					1		1																			永久提升自身抗暴192
14004	抗暴	13	43					1		1																			永久提升自身抗暴208
14004	抗暴	14	43					1		1																			永久提升自身抗暴224
14004	抗暴	15	43					1		1																			永久提升自身抗暴240
14004	抗暴	16	43					1		1																			永久提升自身抗暴256
14004	抗暴	17	43					1		1																			永久提升自身抗暴272
14004	抗暴	18	43					1		1																			永久提升自身抗暴288
14004	抗暴	19	43					1		1																			永久提升自身抗暴304
14004	抗暴	20	43					1		1																			永久提升自身抗暴320
14004	抗暴	21	43					1		1																			永久提升自身抗暴336
14004	抗暴	22	43					1		1																			永久提升自身抗暴352
14004	抗暴	23	43					1		1																			永久提升自身抗暴368
14004	抗暴	24	43					1		1																			永久提升自身抗暴384
14004	抗暴	25	43					1		1																			永久提升自身抗暴400
14004	抗暴	26	43					1		1																			永久提升自身抗暴416
14004	抗暴	27	43					1		1																			永久提升自身抗暴432
14004	抗暴	28	43					1		1																			永久提升自身抗暴448
14004	抗暴	29	43					1		1																			永久提升自身抗暴464
14004	抗暴	30	43					1		1																			永久提升自身抗暴480
14004	抗暴	31	43					1		1																			永久提升自身抗暴496
14004	抗暴	32	43					1		1																			永久提升自身抗暴512
14004	抗暴	33	43					1		1																			永久提升自身抗暴528
14004	抗暴	34	43					1		1																			永久提升自身抗暴544
14004	抗暴	35	43					1		1																			永久提升自身抗暴560
14004	抗暴	36	43					1		1																			永久提升自身抗暴576
14004	抗暴	37	43					1		1																			永久提升自身抗暴592
14004	抗暴	38	43					1		1																			永久提升自身抗暴608
14004	抗暴	39	43					1		1																			永久提升自身抗暴624
14004	抗暴	40	43					1		1																			永久提升自身抗暴640
14004	抗暴	41	43					1		1																			永久提升自身抗暴656
14004	抗暴	42	43					1		1																			永久提升自身抗暴672
14004	抗暴	43	43					1		1																			永久提升自身抗暴688
14004	抗暴	44	43					1		1																			永久提升自身抗暴704
14004	抗暴	45	43					1		1																			永久提升自身抗暴720
14004	抗暴	46	43					1		1																			永久提升自身抗暴736
14004	抗暴	47	43					1		1																			永久提升自身抗暴752
14004	抗暴	48	43					1		1																			永久提升自身抗暴768
14004	抗暴	49	43					1		1																			永久提升自身抗暴784
14004	抗暴	50	43					1		1																			永久提升自身抗暴800
14005	命中	1	44					1		1																			永久提升自身命中16
14005	命中	2	44					1		1																			永久提升自身命中32
14005	命中	3	44					1		1																			永久提升自身命中48
14005	命中	4	44					1		1																			永久提升自身命中64
14005	命中	5	44					1		1																			永久提升自身命中80
14005	命中	6	44					1		1																			永久提升自身命中96
14005	命中	7	44					1		1																			永久提升自身命中112
14005	命中	8	44					1		1																			永久提升自身命中128
14005	命中	9	44					1		1																			永久提升自身命中144
14005	命中	10	44					1		1																			永久提升自身命中160
14005	命中	11	44					1		1																			永久提升自身命中176
14005	命中	12	44					1		1																			永久提升自身命中192
14005	命中	13	44					1		1																			永久提升自身命中208
14005	命中	14	44					1		1																			永久提升自身命中224
14005	命中	15	44					1		1																			永久提升自身命中240
14005	命中	16	44					1		1																			永久提升自身命中256
14005	命中	17	44					1		1																			永久提升自身命中272
14005	命中	18	44					1		1																			永久提升自身命中288
14005	命中	19	44					1		1																			永久提升自身命中304
14005	命中	20	44					1		1																			永久提升自身命中320
14005	命中	21	44					1		1																			永久提升自身命中336
14005	命中	22	44					1		1																			永久提升自身命中352
14005	命中	23	44					1		1																			永久提升自身命中368
14005	命中	24	44					1		1																			永久提升自身命中384
14005	命中	25	44					1		1																			永久提升自身命中400
14005	命中	26	44					1		1																			永久提升自身命中416
14005	命中	27	44					1		1																			永久提升自身命中432
14005	命中	28	44					1		1																			永久提升自身命中448
14005	命中	29	44					1		1																			永久提升自身命中464
14005	命中	30	44					1		1																			永久提升自身命中480
14005	命中	31	44					1		1																			永久提升自身命中496
14005	命中	32	44					1		1																			永久提升自身命中512
14005	命中	33	44					1		1																			永久提升自身命中528
14005	命中	34	44					1		1																			永久提升自身命中544
14005	命中	35	44					1		1																			永久提升自身命中560
14005	命中	36	44					1		1																			永久提升自身命中576
14005	命中	37	44					1		1																			永久提升自身命中592
14005	命中	38	44					1		1																			永久提升自身命中608
14005	命中	39	44					1		1																			永久提升自身命中624
14005	命中	40	44					1		1																			永久提升自身命中640
14005	命中	41	44					1		1																			永久提升自身命中656
14005	命中	42	44					1		1																			永久提升自身命中672
14005	命中	43	44					1		1																			永久提升自身命中688
14005	命中	44	44					1		1																			永久提升自身命中704
14005	命中	45	44					1		1																			永久提升自身命中720
14005	命中	46	44					1		1																			永久提升自身命中736
14005	命中	47	44					1		1																			永久提升自身命中752
14005	命中	48	44					1		1																			永久提升自身命中768
14005	命中	49	44					1		1																			永久提升自身命中784
14005	命中	50	44					1		1																			永久提升自身命中800
14006	暴击	1	45					1		1																			永久提升自身暴击8
14006	暴击	2	45					1		1																			永久提升自身暴击16
14006	暴击	3	45					1		1																			永久提升自身暴击24
14006	暴击	4	45					1		1																			永久提升自身暴击32
14006	暴击	5	45					1		1																			永久提升自身暴击40
14006	暴击	6	45					1		1																			永久提升自身暴击48
14006	暴击	7	45					1		1																			永久提升自身暴击56
14006	暴击	8	45					1		1																			永久提升自身暴击64
14006	暴击	9	45					1		1																			永久提升自身暴击72
14006	暴击	10	45					1		1																			永久提升自身暴击80
14006	暴击	11	45					1		1																			永久提升自身暴击88
14006	暴击	12	45					1		1																			永久提升自身暴击96
14006	暴击	13	45					1		1																			永久提升自身暴击104
14006	暴击	14	45					1		1																			永久提升自身暴击112
14006	暴击	15	45					1		1																			永久提升自身暴击120
14006	暴击	16	45					1		1																			永久提升自身暴击128
14006	暴击	17	45					1		1																			永久提升自身暴击136
14006	暴击	18	45					1		1																			永久提升自身暴击144
14006	暴击	19	45					1		1																			永久提升自身暴击152
14006	暴击	20	45					1		1																			永久提升自身暴击160
14006	暴击	21	45					1		1																			永久提升自身暴击168
14006	暴击	22	45					1		1																			永久提升自身暴击176
14006	暴击	23	45					1		1																			永久提升自身暴击184
14006	暴击	24	45					1		1																			永久提升自身暴击192
14006	暴击	25	45					1		1																			永久提升自身暴击200
14006	暴击	26	45					1		1																			永久提升自身暴击208
14006	暴击	27	45					1		1																			永久提升自身暴击216
14006	暴击	28	45					1		1																			永久提升自身暴击224
14006	暴击	29	45					1		1																			永久提升自身暴击232
14006	暴击	30	45					1		1																			永久提升自身暴击240
14006	暴击	31	45					1		1																			永久提升自身暴击248
14006	暴击	32	45					1		1																			永久提升自身暴击256
14006	暴击	33	45					1		1																			永久提升自身暴击264
14006	暴击	34	45					1		1																			永久提升自身暴击272
14006	暴击	35	45					1		1																			永久提升自身暴击280
14006	暴击	36	45					1		1																			永久提升自身暴击288
14006	暴击	37	45					1		1																			永久提升自身暴击296
14006	暴击	38	45					1		1																			永久提升自身暴击304
14006	暴击	39	45					1		1																			永久提升自身暴击312
14006	暴击	40	45					1		1																			永久提升自身暴击320
14006	暴击	41	45					1		1																			永久提升自身暴击328
14006	暴击	42	45					1		1																			永久提升自身暴击336
14006	暴击	43	45					1		1																			永久提升自身暴击344
14006	暴击	44	45					1		1																			永久提升自身暴击352
14006	暴击	45	45					1		1																			永久提升自身暴击360
14006	暴击	46	45					1		1																			永久提升自身暴击368
14006	暴击	47	45					1		1																			永久提升自身暴击376
14006	暴击	48	45					1		1																			永久提升自身暴击384
14006	暴击	49	45					1		1																			永久提升自身暴击392
14006	暴击	50	45					1		1																			永久提升自身暴击400
14007	闪避	1	46					1		1																			永久提升自身闪避8
14007	闪避	2	46					1		1																			永久提升自身闪避16
14007	闪避	3	46					1		1																			永久提升自身闪避24
14007	闪避	4	46					1		1																			永久提升自身闪避32
14007	闪避	5	46					1		1																			永久提升自身闪避40
14007	闪避	6	46					1		1																			永久提升自身闪避48
14007	闪避	7	46					1		1																			永久提升自身闪避56
14007	闪避	8	46					1		1																			永久提升自身闪避64
14007	闪避	9	46					1		1																			永久提升自身闪避72
14007	闪避	10	46					1		1																			永久提升自身闪避80
14007	闪避	11	46					1		1																			永久提升自身闪避88
14007	闪避	12	46					1		1																			永久提升自身闪避96
14007	闪避	13	46					1		1																			永久提升自身闪避104
14007	闪避	14	46					1		1																			永久提升自身闪避112
14007	闪避	15	46					1		1																			永久提升自身闪避120
14007	闪避	16	46					1		1																			永久提升自身闪避128
14007	闪避	17	46					1		1																			永久提升自身闪避136
14007	闪避	18	46					1		1																			永久提升自身闪避144
14007	闪避	19	46					1		1																			永久提升自身闪避152
14007	闪避	20	46					1		1																			永久提升自身闪避160
14007	闪避	21	46					1		1																			永久提升自身闪避168
14007	闪避	22	46					1		1																			永久提升自身闪避176
14007	闪避	23	46					1		1																			永久提升自身闪避184
14007	闪避	24	46					1		1																			永久提升自身闪避192
14007	闪避	25	46					1		1																			永久提升自身闪避200
14007	闪避	26	46					1		1																			永久提升自身闪避208
14007	闪避	27	46					1		1																			永久提升自身闪避216
14007	闪避	28	46					1		1																			永久提升自身闪避224
14007	闪避	29	46					1		1																			永久提升自身闪避232
14007	闪避	30	46					1		1																			永久提升自身闪避240
14007	闪避	31	46					1		1																			永久提升自身闪避248
14007	闪避	32	46					1		1																			永久提升自身闪避256
14007	闪避	33	46					1		1																			永久提升自身闪避264
14007	闪避	34	46					1		1																			永久提升自身闪避272
14007	闪避	35	46					1		1																			永久提升自身闪避280
14007	闪避	36	46					1		1																			永久提升自身闪避288
14007	闪避	37	46					1		1																			永久提升自身闪避296
14007	闪避	38	46					1		1																			永久提升自身闪避304
14007	闪避	39	46					1		1																			永久提升自身闪避312
14007	闪避	40	46					1		1																			永久提升自身闪避320
14007	闪避	41	46					1		1																			永久提升自身闪避328
14007	闪避	42	46					1		1																			永久提升自身闪避336
14007	闪避	43	46					1		1																			永久提升自身闪避344
14007	闪避	44	46					1		1																			永久提升自身闪避352
14007	闪避	45	46					1		1																			永久提升自身闪避360
14007	闪避	46	46					1		1																			永久提升自身闪避368
14007	闪避	47	46					1		1																			永久提升自身闪避376
14007	闪避	48	46					1		1																			永久提升自身闪避384
14007	闪避	49	46					1		1																			永久提升自身闪避392
14007	闪避	50	46					1		1																			永久提升自身闪避400
																													
5001	野外boss200%aoe技能	1	49					0		0	0	0	0	60000	0	350	1	3			0					100	1		
5002	增加100%攻击	1						0		0	0	0	0	1000	0	350	1	3											
5003	增加吸收盾不包括释放者	1						0		0	0	0	0	1000	0	350	1	3											
5004	死亡后给增加2000攻击	1						0		0	0	0	0	10000	0	350	1	3											
5005	自爆伤害地方30%最大生命值	1						0		0	0	0	0	100	0	350	1	3											
5006	增加友军自己最大血量5%	1						0		0	0	0	0	5000	0	350	1	3											
5007	增加友军50%自身攻击	1						0		0	0	0	0	1000	0	350	1	3											
5008	增加自身200%攻击	1						0		0	0	0	0	120000	0	350	1	3											
																													
5009	怪物远战普攻	1		101	2			0	0	0	0	0	0	1000	0	550	1	1		0	0	0	0	1		100	1		普攻
5010	怪物远战普攻	1			2			0	0	0	0	0	0	1000	0	600	1	1		0	0	0	0	1		100	1		普攻
5011	近战闪电球	1			4			1	0	0	0	0	300	6000	0	320	1	1			1					100	1		召唤闪电之球对目标周围3米范围造成91%攻击伤害，附加25点直接伤害。
5012	凤翅天翔	1	49					0		0	0	0	0	10000	0	350	1	3			0					100	1		对周围玩家造成攻击力200%的伤害！
																													
5013	北斗星宫boss/AOE	1						0	0	0	0	0	0	1000	0	3600	1	1		0	0	10000	0	1		100	300		
5014	怪物远战普攻	1						0	0	0	0	0	0	1000	0	3600	1	1		0	0	10000	0	1					普攻