buffId	name	level	iconId	effectId	timeType	categoryType	transNoClean	intervalTime	persistTime	dieLost	offlineLost	offlineTiming	beingType	groupId	replaceType	notReplaceDesc	hatredPercent	hatredAdd	hurtType	desc
BUFF序号	BUFF名称	等级	图标ID	效果ID	buff时间类型\n[0单次|1持久]	buff分类\n[0 buff 1 debuff]	变身是否不清除\n[0 清除|1 不清除 ]	间隔时间\n（毫秒）	持续时间\n（毫秒）	死亡后是否消失	下线后是否消失	下线是否计时	buff类型	互斥组	替换类型	替换不能时说明\n[string]	伤血造成仇恨百分比	获得造成仇恨值	抗性类型	BUFF说明
1000	减速	1	2	703	1	1	1		3000	1	1	0	0	1000	1		10000	1	4	目标受到减速效果，在3秒内移动速度降低80%。
1000	减速	2	2	703	1	1	1		3000	1	1	0	0	1000	1		10000	1	4	目标受到减速效果，在3秒内移动速度降低80%。
1000	减速	3	2	703	1	1	1		3000	1	1	0	0	1000	1		10000	1	4	目标受到减速效果，在3秒内移动速度降低80%。
1000	减速	4	2	703	1	1	1		3000	1	1	0	0	1000	1		10000	1	4	目标受到减速效果，在3秒内移动速度降低80%。
1000	减速	5	2	703	1	1	1		3000	1	1	0	0	1000	1		10000	1	4	目标受到减速效果，在3秒内移动速度降低80%。
1000	减速	6	2	703	1	1	1		3000	1	1	0	0	1000	1		10000	1	4	目标受到减速效果，在3秒内移动速度降低80%。
1000	减速	7	2	703	1	1	1		3000	1	1	0	0	1000	1		10000	1	4	目标受到减速效果，在3秒内移动速度降低80%。
1000	减速	8	2	703	1	1	1		3000	1	1	0	0	1000	1		10000	1	4	目标受到减速效果，在3秒内移动速度降低80%。
1000	减速	9	2	703	1	1	1		3000	1	1	0	0	1000	1		10000	1	4	目标受到减速效果，在3秒内移动速度降低80%。
1000	减速	10	2	703	1	1	1		3000	1	1	0	0	1000	1		10000	1	4	目标受到减速效果，在3秒内移动速度降低80%。
1000	减速	11	2	703	1	1	1		3000	1	1	0	0	1000	1		10000	1	4	目标受到减速效果，在3秒内移动速度降低80%。
1000	减速	12	2	703	1	1	1		3000	1	1	0	0	1000	1		10000	1	4	目标受到减速效果，在3秒内移动速度降低80%。
1000	减速	13	2	703	1	1	1		3000	1	1	0	0	1000	1		10000	1	4	目标受到减速效果，在3秒内移动速度降低80%。
1000	减速	14	2	703	1	1	1		3000	1	1	0	0	1000	1		10000	1	4	目标受到减速效果，在3秒内移动速度降低80%。
1000	减速	15	2	703	1	1	1		3000	1	1	0	0	1000	1		10000	1	4	目标受到减速效果，在3秒内移动速度降低80%。
1000	减速	16	2	703	1	1	1		3000	1	1	0	0	1000	1		10000	1	4	目标受到减速效果，在3秒内移动速度降低80%。
1000	减速	17	2	703	1	1	1		3000	1	1	0	0	1000	1		10000	1	4	目标受到减速效果，在3秒内移动速度降低80%。
1000	减速	18	2	703	1	1	1		3000	1	1	0	0	1000	1		10000	1	4	目标受到减速效果，在3秒内移动速度降低80%。
1000	减速	19	2	703	1	1	1		3000	1	1	0	0	1000	1		10000	1	4	目标受到减速效果，在3秒内移动速度降低80%。
1000	减速	20	2	703	1	1	1		3000	1	1	0	0	1000	1		10000	1	4	目标受到减速效果，在3秒内移动速度降低80%。
1001	破甲	1	1	702	1	1	1		3000	1	1	0	0	1001	1		10000	1	5	目标受到破甲效果，在3秒内护甲降低50%。
1001	破甲	2	1	702	1	1	1		3000	1	1	0	0	1001	1		10000	1	5	目标受到破甲效果，在3秒内护甲降低50%。
1001	破甲	3	1	702	1	1	1		3000	1	1	0	0	1001	1		10000	1	5	目标受到破甲效果，在3秒内护甲降低50%。
1001	破甲	4	1	702	1	1	1		3000	1	1	0	0	1001	1		10000	1	5	目标受到破甲效果，在3秒内护甲降低50%。
1001	破甲	5	1	702	1	1	1		3000	1	1	0	0	1001	1		10000	1	5	目标受到破甲效果，在3秒内护甲降低50%。
1001	破甲	6	1	702	1	1	1		3000	1	1	0	0	1001	1		10000	1	5	目标受到破甲效果，在3秒内护甲降低50%。
1001	破甲	7	1	702	1	1	1		3000	1	1	0	0	1001	1		10000	1	5	目标受到破甲效果，在3秒内护甲降低50%。
1001	破甲	8	1	702	1	1	1		3000	1	1	0	0	1001	1		10000	1	5	目标受到破甲效果，在3秒内护甲降低50%。
1001	破甲	9	1	702	1	1	1		3000	1	1	0	0	1001	1		10000	1	5	目标受到破甲效果，在3秒内护甲降低50%。
1001	破甲	10	1	702	1	1	1		3000	1	1	0	0	1001	1		10000	1	5	目标受到破甲效果，在3秒内护甲降低50%。
1001	破甲	11	1	702	1	1	1		3000	1	1	0	0	1001	1		10000	1	5	目标受到破甲效果，在3秒内护甲降低50%。
1001	破甲	12	1	702	1	1	1		3000	1	1	0	0	1001	1		10000	1	5	目标受到破甲效果，在3秒内护甲降低50%。
1001	破甲	13	1	702	1	1	1		3000	1	1	0	0	1001	1		10000	1	5	目标受到破甲效果，在3秒内护甲降低50%。
1001	破甲	14	1	702	1	1	1		3000	1	1	0	0	1001	1		10000	1	5	目标受到破甲效果，在3秒内护甲降低50%。
1001	破甲	15	1	702	1	1	1		3000	1	1	0	0	1001	1		10000	1	5	目标受到破甲效果，在3秒内护甲降低50%。
1001	破甲	16	1	702	1	1	1		3000	1	1	0	0	1001	1		10000	1	5	目标受到破甲效果，在3秒内护甲降低50%。
1001	破甲	17	1	702	1	1	1		3000	1	1	0	0	1001	1		10000	1	5	目标受到破甲效果，在3秒内护甲降低50%。
1001	破甲	18	1	702	1	1	1		3000	1	1	0	0	1001	1		10000	1	5	目标受到破甲效果，在3秒内护甲降低50%。
1001	破甲	19	1	702	1	1	1		3000	1	1	0	0	1001	1		10000	1	5	目标受到破甲效果，在3秒内护甲降低50%。
1001	破甲	20	1	702	1	1	1		3000	1	1	0	0	1001	1		10000	1	5	目标受到破甲效果，在3秒内护甲降低50%。
1002	击飞	1	5	706	1	1	1		1000	1	1	0	0	1002	1		10000	1	8	目标受到击飞效果，在1秒内无法做出任何动作。
1002	击飞	2	5	706	1	1	1		1000	1	1	0	0	1002	1		10000	1	8	目标受到击飞效果，在1秒内无法做出任何动作。
1002	击飞	3	5	706	1	1	1		1000	1	1	0	0	1002	1		10000	1	8	目标受到击飞效果，在1秒内无法做出任何动作。
1002	击飞	4	5	706	1	1	1		1000	1	1	0	0	1002	1		10000	1	8	目标受到击飞效果，在1秒内无法做出任何动作。
1002	击飞	5	5	706	1	1	1		1000	1	1	0	0	1002	1		10000	1	8	目标受到击飞效果，在1秒内无法做出任何动作。
1002	击飞	6	5	706	1	1	1		1000	1	1	0	0	1002	1		10000	1	8	目标受到击飞效果，在1秒内无法做出任何动作。
1002	击飞	7	5	706	1	1	1		1000	1	1	0	0	1002	1		10000	1	8	目标受到击飞效果，在1秒内无法做出任何动作。
1002	击飞	8	5	706	1	1	1		1000	1	1	0	0	1002	1		10000	1	8	目标受到击飞效果，在1秒内无法做出任何动作。
1002	击飞	9	5	706	1	1	1		1000	1	1	0	0	1002	1		10000	1	8	目标受到击飞效果，在1秒内无法做出任何动作。
1002	击飞	10	5	706	1	1	1		1000	1	1	0	0	1002	1		10000	1	8	目标受到击飞效果，在1秒内无法做出任何动作。
1002	击飞	11	5	706	1	1	1		1000	1	1	0	0	1002	1		10000	1	8	目标受到击飞效果，在1秒内无法做出任何动作。
1002	击飞	12	5	706	1	1	1		1000	1	1	0	0	1002	1		10000	1	8	目标受到击飞效果，在1秒内无法做出任何动作。
1002	击飞	13	5	706	1	1	1		1000	1	1	0	0	1002	1		10000	1	8	目标受到击飞效果，在1秒内无法做出任何动作。
1002	击飞	14	5	706	1	1	1		1000	1	1	0	0	1002	1		10000	1	8	目标受到击飞效果，在1秒内无法做出任何动作。
1002	击飞	15	5	706	1	1	1		1000	1	1	0	0	1002	1		10000	1	8	目标受到击飞效果，在1秒内无法做出任何动作。
1002	击飞	16	5	706	1	1	1		1000	1	1	0	0	1002	1		10000	1	8	目标受到击飞效果，在1秒内无法做出任何动作。
1002	击飞	17	5	706	1	1	1		1000	1	1	0	0	1002	1		10000	1	8	目标受到击飞效果，在1秒内无法做出任何动作。
1002	击飞	18	5	706	1	1	1		1000	1	1	0	0	1002	1		10000	1	8	目标受到击飞效果，在1秒内无法做出任何动作。
1002	击飞	19	5	706	1	1	1		1000	1	1	0	0	1002	1		10000	1	8	目标受到击飞效果，在1秒内无法做出任何动作。
1002	击飞	20	5	706	1	1	1		1000	1	1	0	0	1002	1		10000	1	8	目标受到击飞效果，在1秒内无法做出任何动作。
1003	流血	1	3	704	1	1	1	1000	5000	1	1	0	0	1003	1		10000	1	13	目标受到流血效果，在5秒内持续受到60%的物攻伤害。
1003	流血	2	3	704	1	1	1	1000	5000	1	1	0	0	1003	1		10000	1	13	目标受到流血效果，在5秒内持续受到60%的物攻伤害。
1003	流血	3	3	704	1	1	1	1000	5000	1	1	0	0	1003	1		10000	1	13	目标受到流血效果，在5秒内持续受到60%的物攻伤害。
1003	流血	4	3	704	1	1	1	1000	5000	1	1	0	0	1003	1		10000	1	13	目标受到流血效果，在5秒内持续受到60%的物攻伤害。
1003	流血	5	3	704	1	1	1	1000	5000	1	1	0	0	1003	1		10000	1	13	目标受到流血效果，在5秒内持续受到60%的物攻伤害。
1003	流血	6	3	704	1	1	1	1000	5000	1	1	0	0	1003	1		10000	1	13	目标受到流血效果，在5秒内持续受到60%的物攻伤害。
1003	流血	7	3	704	1	1	1	1000	5000	1	1	0	0	1003	1		10000	1	13	目标受到流血效果，在5秒内持续受到60%的物攻伤害。
1003	流血	8	3	704	1	1	1	1000	5000	1	1	0	0	1003	1		10000	1	13	目标受到流血效果，在5秒内持续受到60%的物攻伤害。
1003	流血	9	3	704	1	1	1	1000	5000	1	1	0	0	1003	1		10000	1	13	目标受到流血效果，在5秒内持续受到60%的物攻伤害。
1003	流血	10	3	704	1	1	1	1000	5000	1	1	0	0	1003	1		10000	1	13	目标受到流血效果，在5秒内持续受到60%的物攻伤害。
1003	流血	11	3	704	1	1	1	1000	5000	1	1	0	0	1003	1		10000	1	13	目标受到流血效果，在5秒内持续受到60%的物攻伤害。
1003	流血	12	3	704	1	1	1	1000	5000	1	1	0	0	1003	1		10000	1	13	目标受到流血效果，在5秒内持续受到60%的物攻伤害。
1003	流血	13	3	704	1	1	1	1000	5000	1	1	0	0	1003	1		10000	1	13	目标受到流血效果，在5秒内持续受到60%的物攻伤害。
1003	流血	14	3	704	1	1	1	1000	5000	1	1	0	0	1003	1		10000	1	13	目标受到流血效果，在5秒内持续受到60%的物攻伤害。
1003	流血	15	3	704	1	1	1	1000	5000	1	1	0	0	1003	1		10000	1	13	目标受到流血效果，在5秒内持续受到60%的物攻伤害。
1003	流血	16	3	704	1	1	1	1000	5000	1	1	0	0	1003	1		10000	1	13	目标受到流血效果，在5秒内持续受到60%的物攻伤害。
1003	流血	17	3	704	1	1	1	1000	5000	1	1	0	0	1003	1		10000	1	13	目标受到流血效果，在5秒内持续受到60%的物攻伤害。
1003	流血	18	3	704	1	1	1	1000	5000	1	1	0	0	1003	1		10000	1	13	目标受到流血效果，在5秒内持续受到60%的物攻伤害。
1003	流血	19	3	704	1	1	1	1000	5000	1	1	0	0	1003	1		10000	1	13	目标受到流血效果，在5秒内持续受到60%的物攻伤害。
1003	流血	20	3	704	1	1	1	1000	5000	1	1	0	0	1003	1		10000	1	13	目标受到流血效果，在5秒内持续受到60%的物攻伤害。
1004	点燃	1	4	705	1	1	1	1000	5000	1	1	0	0	1004	1		10000	1	18	目标受到点燃效果，在5秒内持续受到60%的火攻伤害。
1004	点燃	2	4	705	1	1	1	1000	5000	1	1	0	0	1004	1		10000	1	18	目标受到点燃效果，在5秒内持续受到60%的火攻伤害。
1004	点燃	3	4	705	1	1	1	1000	5000	1	1	0	0	1004	1		10000	1	18	目标受到点燃效果，在5秒内持续受到60%的火攻伤害。
1004	点燃	4	4	705	1	1	1	1000	5000	1	1	0	0	1004	1		10000	1	18	目标受到点燃效果，在5秒内持续受到60%的火攻伤害。
1004	点燃	5	4	705	1	1	1	1000	5000	1	1	0	0	1004	1		10000	1	18	目标受到点燃效果，在5秒内持续受到60%的火攻伤害。
1004	点燃	6	4	705	1	1	1	1000	5000	1	1	0	0	1004	1		10000	1	18	目标受到点燃效果，在5秒内持续受到60%的火攻伤害。
1004	点燃	7	4	705	1	1	1	1000	5000	1	1	0	0	1004	1		10000	1	18	目标受到点燃效果，在5秒内持续受到60%的火攻伤害。
1004	点燃	8	4	705	1	1	1	1000	5000	1	1	0	0	1004	1		10000	1	18	目标受到点燃效果，在5秒内持续受到60%的火攻伤害。
1004	点燃	9	4	705	1	1	1	1000	5000	1	1	0	0	1004	1		10000	1	18	目标受到点燃效果，在5秒内持续受到60%的火攻伤害。
1004	点燃	10	4	705	1	1	1	1000	5000	1	1	0	0	1004	1		10000	1	18	目标受到点燃效果，在5秒内持续受到60%的火攻伤害。
1004	点燃	11	4	705	1	1	1	1000	5000	1	1	0	0	1004	1		10000	1	18	目标受到点燃效果，在5秒内持续受到60%的火攻伤害。
1004	点燃	12	4	705	1	1	1	1000	5000	1	1	0	0	1004	1		10000	1	18	目标受到点燃效果，在5秒内持续受到60%的火攻伤害。
1004	点燃	13	4	705	1	1	1	1000	5000	1	1	0	0	1004	1		10000	1	18	目标受到点燃效果，在5秒内持续受到60%的火攻伤害。
1004	点燃	14	4	705	1	1	1	1000	5000	1	1	0	0	1004	1		10000	1	18	目标受到点燃效果，在5秒内持续受到60%的火攻伤害。
1004	点燃	15	4	705	1	1	1	1000	5000	1	1	0	0	1004	1		10000	1	18	目标受到点燃效果，在5秒内持续受到60%的火攻伤害。
1004	点燃	16	4	705	1	1	1	1000	5000	1	1	0	0	1004	1		10000	1	18	目标受到点燃效果，在5秒内持续受到60%的火攻伤害。
1004	点燃	17	4	705	1	1	1	1000	5000	1	1	0	0	1004	1		10000	1	18	目标受到点燃效果，在5秒内持续受到60%的火攻伤害。
1004	点燃	18	4	705	1	1	1	1000	5000	1	1	0	0	1004	1		10000	1	18	目标受到点燃效果，在5秒内持续受到60%的火攻伤害。
1004	点燃	19	4	705	1	1	1	1000	5000	1	1	0	0	1004	1		10000	1	18	目标受到点燃效果，在5秒内持续受到60%的火攻伤害。
1004	点燃	20	4	705	1	1	1	1000	5000	1	1	0	0	1004	1		10000	1	18	目标受到点燃效果，在5秒内持续受到60%的火攻伤害。
1005	沉默	1	4	705	1	1	1		2500	1	1	0	0	1005	1		10000	1	12	目标受到沉默效果，在2.5秒内无法使用技能。
1005	沉默	2	4	705	1	1	1		2500	1	1	0	0	1005	1		10000	1	12	目标受到沉默效果，在2.5秒内无法使用技能。
1005	沉默	3	4	705	1	1	1		2500	1	1	0	0	1005	1		10000	1	12	目标受到沉默效果，在2.5秒内无法使用技能。
1005	沉默	4	4	705	1	1	1		2500	1	1	0	0	1005	1		10000	1	12	目标受到沉默效果，在2.5秒内无法使用技能。
1005	沉默	5	4	705	1	1	1		2500	1	1	0	0	1005	1		10000	1	12	目标受到沉默效果，在2.5秒内无法使用技能。
1005	沉默	6	4	705	1	1	1		2500	1	1	0	0	1005	1		10000	1	12	目标受到沉默效果，在2.5秒内无法使用技能。
1005	沉默	7	4	705	1	1	1		2500	1	1	0	0	1005	1		10000	1	12	目标受到沉默效果，在2.5秒内无法使用技能。
1005	沉默	8	4	705	1	1	1		2500	1	1	0	0	1005	1		10000	1	12	目标受到沉默效果，在2.5秒内无法使用技能。
1005	沉默	9	4	705	1	1	1		2500	1	1	0	0	1005	1		10000	1	12	目标受到沉默效果，在2.5秒内无法使用技能。
1005	沉默	10	4	705	1	1	1		2500	1	1	0	0	1005	1		10000	1	12	目标受到沉默效果，在2.5秒内无法使用技能。
1005	沉默	11	4	705	1	1	1		2500	1	1	0	0	1005	1		10000	1	12	目标受到沉默效果，在2.5秒内无法使用技能。
1005	沉默	12	4	705	1	1	1		2500	1	1	0	0	1005	1		10000	1	12	目标受到沉默效果，在2.5秒内无法使用技能。
1005	沉默	13	4	705	1	1	1		2500	1	1	0	0	1005	1		10000	1	12	目标受到沉默效果，在2.5秒内无法使用技能。
1005	沉默	14	4	705	1	1	1		2500	1	1	0	0	1005	1		10000	1	12	目标受到沉默效果，在2.5秒内无法使用技能。
1005	沉默	15	4	705	1	1	1		2500	1	1	0	0	1005	1		10000	1	12	目标受到沉默效果，在2.5秒内无法使用技能。
1005	沉默	16	4	705	1	1	1		2500	1	1	0	0	1005	1		10000	1	12	目标受到沉默效果，在2.5秒内无法使用技能。
1005	沉默	17	4	705	1	1	1		2500	1	1	0	0	1005	1		10000	1	12	目标受到沉默效果，在2.5秒内无法使用技能。
1005	沉默	18	4	705	1	1	1		2500	1	1	0	0	1005	1		10000	1	12	目标受到沉默效果，在2.5秒内无法使用技能。
1005	沉默	19	4	705	1	1	1		2500	1	1	0	0	1005	1		10000	1	12	目标受到沉默效果，在2.5秒内无法使用技能。
1005	沉默	20	4	705	1	1	1		2500	1	1	0	0	1005	1		10000	1	12	目标受到沉默效果，在2.5秒内无法使用技能。
1006	定身	1	4	705	1	1	1		2000	1	1	0	0	1006	1		10000	1	7	目标受到定身效果，在2秒内无法移动。
1006	定身	2	4	705	1	1	1		2000	1	1	0	0	1006	1		10000	1	7	目标受到定身效果，在2秒内无法移动。
1006	定身	3	4	705	1	1	1		2000	1	1	0	0	1006	1		10000	1	7	目标受到定身效果，在2秒内无法移动。
1006	定身	4	4	705	1	1	1		2000	1	1	0	0	1006	1		10000	1	7	目标受到定身效果，在2秒内无法移动。
1006	定身	5	4	705	1	1	1		2000	1	1	0	0	1006	1		10000	1	7	目标受到定身效果，在2秒内无法移动。
1006	定身	6	4	705	1	1	1		2000	1	1	0	0	1006	1		10000	1	7	目标受到定身效果，在2秒内无法移动。
1006	定身	7	4	705	1	1	1		2000	1	1	0	0	1006	1		10000	1	7	目标受到定身效果，在2秒内无法移动。
1006	定身	8	4	705	1	1	1		2000	1	1	0	0	1006	1		10000	1	7	目标受到定身效果，在2秒内无法移动。
1006	定身	9	4	705	1	1	1		2000	1	1	0	0	1006	1		10000	1	7	目标受到定身效果，在2秒内无法移动。
1006	定身	10	4	705	1	1	1		2000	1	1	0	0	1006	1		10000	1	7	目标受到定身效果，在2秒内无法移动。
1006	定身	11	4	705	1	1	1		2000	1	1	0	0	1006	1		10000	1	7	目标受到定身效果，在2秒内无法移动。
1006	定身	12	4	705	1	1	1		2000	1	1	0	0	1006	1		10000	1	7	目标受到定身效果，在2秒内无法移动。
1006	定身	13	4	705	1	1	1		2000	1	1	0	0	1006	1		10000	1	7	目标受到定身效果，在2秒内无法移动。
1006	定身	14	4	705	1	1	1		2000	1	1	0	0	1006	1		10000	1	7	目标受到定身效果，在2秒内无法移动。
1006	定身	15	4	705	1	1	1		2000	1	1	0	0	1006	1		10000	1	7	目标受到定身效果，在2秒内无法移动。
1006	定身	16	4	705	1	1	1		2000	1	1	0	0	1006	1		10000	1	7	目标受到定身效果，在2秒内无法移动。
1006	定身	17	4	705	1	1	1		2000	1	1	0	0	1006	1		10000	1	7	目标受到定身效果，在2秒内无法移动。
1006	定身	18	4	705	1	1	1		2000	1	1	0	0	1006	1		10000	1	7	目标受到定身效果，在2秒内无法移动。
1006	定身	19	4	705	1	1	1		2000	1	1	0	0	1006	1		10000	1	7	目标受到定身效果，在2秒内无法移动。
1006	定身	20	4	705	1	1	1		2000	1	1	0	0	1006	1		10000	1	7	目标受到定身效果，在2秒内无法移动。
1007	坚韧	1	2	705	1	0	1		3000	1	1	0	0	1007	1		10000	1	0	自身受到坚韧效果，在3秒内防御增加50%
1007	坚韧	2	2	705	1	0	1		3000	1	1	0	0	1007	1		10000	1	0	自身受到坚韧效果，在3秒内防御增加50%
1007	坚韧	3	2	705	1	0	1		3000	1	1	0	0	1007	1		10000	1	0	自身受到坚韧效果，在3秒内防御增加50%
1007	坚韧	4	2	705	1	0	1		3000	1	1	0	0	1007	1		10000	1	0	自身受到坚韧效果，在3秒内防御增加50%
1007	坚韧	5	2	705	1	0	1		3000	1	1	0	0	1007	1		10000	1	0	自身受到坚韧效果，在3秒内防御增加50%
1007	坚韧	6	2	705	1	0	1		3000	1	1	0	0	1007	1		10000	1	0	自身受到坚韧效果，在3秒内防御增加50%
1007	坚韧	7	2	705	1	0	1		3000	1	1	0	0	1007	1		10000	1	0	自身受到坚韧效果，在3秒内防御增加50%
1007	坚韧	8	2	705	1	0	1		3000	1	1	0	0	1007	1		10000	1	0	自身受到坚韧效果，在3秒内防御增加50%
1007	坚韧	9	2	705	1	0	1		3000	1	1	0	0	1007	1		10000	1	0	自身受到坚韧效果，在3秒内防御增加50%
1007	坚韧	10	2	705	1	0	1		3000	1	1	0	0	1007	1		10000	1	0	自身受到坚韧效果，在3秒内防御增加50%
1007	坚韧	11	2	707	1	0	1		3000	1	1	0	0	1007	1		10000	1	0	自身受到坚韧效果，在3秒内防御增加50%
1007	坚韧	12	2	707	1	0	1		3000	1	1	0	0	1007	1		10000	1	0	自身受到坚韧效果，在3秒内防御增加50%
1007	坚韧	13	2	707	1	0	1		3000	1	1	0	0	1007	1		10000	1	0	自身受到坚韧效果，在3秒内防御增加50%
1007	坚韧	14	2	707	1	0	1		3000	1	1	0	0	1007	1		10000	1	0	自身受到坚韧效果，在3秒内防御增加50%
1007	坚韧	15	2	707	1	0	1		3000	1	1	0	0	1007	1		10000	1	0	自身受到坚韧效果，在3秒内防御增加50%
1007	坚韧	16	2	707	1	0	1		3000	1	1	0	0	1007	1		10000	1	0	自身受到坚韧效果，在3秒内防御增加50%
1007	坚韧	17	2	707	1	0	1		3000	1	1	0	0	1007	1		10000	1	0	自身受到坚韧效果，在3秒内防御增加50%
1007	坚韧	18	2	707	1	0	1		3000	1	1	0	0	1007	1		10000	1	0	自身受到坚韧效果，在3秒内防御增加50%
1007	坚韧	19	2	707	1	0	1		3000	1	1	0	0	1007	1		10000	1	0	自身受到坚韧效果，在3秒内防御增加50%
1007	坚韧	20	2	707	1	0	1		3000	1	1	0	0	1007	1		10000	1	0	自身受到坚韧效果，在3秒内防御增加50%
1008	迅捷	1	2	1009	1	0	1		0	1	0	1	1	1008	1		10000	1	0	自身受到迅捷效果，在0秒内移动速度增加50%。
1008	迅捷	2	2	1009	1	0	1		0	1	0	1	1	1008	1		10000	1	0	自身受到迅捷效果，在0秒内移动速度增加50%。
1008	迅捷	3	2	1009	1	0	1		0	1	0	1	1	1008	1		10000	1	0	自身受到迅捷效果，在0秒内移动速度增加50%。
1008	迅捷	4	2	1009	1	0	1		0	1	0	1	1	1008	1		10000	1	0	自身受到迅捷效果，在0秒内移动速度增加50%。
1008	迅捷	5	2	1009	1	0	1		0	1	0	1	1	1008	1		10000	1	0	自身受到迅捷效果，在0秒内移动速度增加50%。
1008	迅捷	6	2	1009	1	0	1		0	1	0	1	1	1008	1		10000	1	0	自身受到迅捷效果，在0秒内移动速度增加50%。
1008	迅捷	7	2	1009	1	0	1		0	1	0	1	1	1008	1		10000	1	0	自身受到迅捷效果，在0秒内移动速度增加50%。
1008	迅捷	8	2	1009	1	0	1		0	1	0	1	1	1008	1		10000	1	0	自身受到迅捷效果，在0秒内移动速度增加50%。
1008	迅捷	9	2	1009	1	0	1		0	1	0	1	1	1008	1		10000	1	0	自身受到迅捷效果，在0秒内移动速度增加50%。
1008	迅捷	10	2	1009	1	0	1		0	1	0	1	1	1008	1		10000	1	0	自身受到迅捷效果，在0秒内移动速度增加50%。
1008	迅捷	11	2	703	1	0	1		0	1	1	0	0	1008	1		10000	1	0	自身受到迅捷效果，在0秒内移动速度增加50%。
1008	迅捷	12	2	703	1	0	1		0	1	1	0	0	1008	1		10000	1	0	自身受到迅捷效果，在0秒内移动速度增加50%。
1008	迅捷	13	2	703	1	0	1		0	1	1	0	0	1008	1		10000	1	0	自身受到迅捷效果，在0秒内移动速度增加50%。
1008	迅捷	14	2	703	1	0	1		0	1	1	0	0	1008	1		10000	1	0	自身受到迅捷效果，在0秒内移动速度增加50%。
1008	迅捷	15	2	703	1	0	1		0	1	1	0	0	1008	1		10000	1	0	自身受到迅捷效果，在0秒内移动速度增加50%。
1008	迅捷	16	2	703	1	0	1		0	1	1	0	0	1008	1		10000	1	0	自身受到迅捷效果，在0秒内移动速度增加50%。
1008	迅捷	17	2	703	1	0	1		0	1	1	0	0	1008	1		10000	1	0	自身受到迅捷效果，在0秒内移动速度增加50%。
1008	迅捷	18	2	703	1	0	1		0	1	1	0	0	1008	1		10000	1	0	自身受到迅捷效果，在0秒内移动速度增加50%。
1008	迅捷	19	2	703	1	0	1		0	1	1	0	0	1008	1		10000	1	0	自身受到迅捷效果，在0秒内移动速度增加50%。
1008	迅捷	20	2	703	1	0	1		0	1	1	0	0	1008	1		10000	1	0	自身受到迅捷效果，在0秒内移动速度增加50%。
1009	加速	1	2	705	1	0	1		3000	1	1	0	0	1009	1		10000	1	0	自身受到加速效果，在3秒内普通攻击速度增加100%。
1009	加速	2	2	705	1	0	1		3000	1	1	0	0	1009	1		10000	1	0	自身受到加速效果，在3秒内普通攻击速度增加100%。
1009	加速	3	2	705	1	0	1		3000	1	1	0	0	1009	1		10000	1	0	自身受到加速效果，在3秒内普通攻击速度增加100%。
1009	加速	4	2	705	1	0	1		3000	1	1	0	0	1009	1		10000	1	0	自身受到加速效果，在3秒内普通攻击速度增加100%。
1009	加速	5	2	705	1	0	1		3000	1	1	0	0	1009	1		10000	1	0	自身受到加速效果，在3秒内普通攻击速度增加100%。
1009	加速	6	2	705	1	0	1		3000	1	1	0	0	1009	1		10000	1	0	自身受到加速效果，在3秒内普通攻击速度增加100%。
1009	加速	7	2	705	1	0	1		3000	1	1	0	0	1009	1		10000	1	0	自身受到加速效果，在3秒内普通攻击速度增加100%。
1009	加速	8	2	705	1	0	1		3000	1	1	0	0	1009	1		10000	1	0	自身受到加速效果，在3秒内普通攻击速度增加100%。
1009	加速	9	2	705	1	0	1		3000	1	1	0	0	1009	1		10000	1	0	自身受到加速效果，在3秒内普通攻击速度增加100%。
1009	加速	10	2	705	1	0	1		3000	1	1	0	0	1009	1		10000	1	0	自身受到加速效果，在3秒内普通攻击速度增加100%。
1009	加速	11	2	707	1	0	1		3000	1	1	0	0	1009	1		10000	1	0	自身受到加速效果，在3秒内普通攻击速度增加100%。
1009	加速	12	2	707	1	0	1		3000	1	1	0	0	1009	1		10000	1	0	自身受到加速效果，在3秒内普通攻击速度增加100%。
1009	加速	13	2	707	1	0	1		3000	1	1	0	0	1009	1		10000	1	0	自身受到加速效果，在3秒内普通攻击速度增加100%。
1009	加速	14	2	707	1	0	1		3000	1	1	0	0	1009	1		10000	1	0	自身受到加速效果，在3秒内普通攻击速度增加100%。
1009	加速	15	2	707	1	0	1		3000	1	1	0	0	1009	1		10000	1	0	自身受到加速效果，在3秒内普通攻击速度增加100%。
1009	加速	16	2	707	1	0	1		3000	1	1	0	0	1009	1		10000	1	0	自身受到加速效果，在3秒内普通攻击速度增加100%。
1009	加速	17	2	707	1	0	1		3000	1	1	0	0	1009	1		10000	1	0	自身受到加速效果，在3秒内普通攻击速度增加100%。
1009	加速	18	2	707	1	0	1		3000	1	1	0	0	1009	1		10000	1	0	自身受到加速效果，在3秒内普通攻击速度增加100%。
1009	加速	19	2	707	1	0	1		3000	1	1	0	0	1009	1		10000	1	0	自身受到加速效果，在3秒内普通攻击速度增加100%。
1009	加速	20	2	707	1	0	1		3000	1	1	0	0	1009	1		10000	1	0	自身受到加速效果，在3秒内普通攻击速度增加100%。
1010	点燃	1	4	705	1	1	1	1000	5000	1	1	0	0	1010	1		10000	1	18	目标受到点燃效果，在5秒内持续受到60%的火攻伤害。
1010	点燃	2	4	705	1	1	1	1000	5000	1	1	0	0	1010	1		10000	1	18	目标受到点燃效果，在5秒内持续受到60%的火攻伤害。
1010	点燃	3	4	705	1	1	1	1000	5000	1	1	0	0	1010	1		10000	1	18	目标受到点燃效果，在5秒内持续受到60%的火攻伤害。
1010	点燃	4	4	705	1	1	1	1000	5000	1	1	0	0	1010	1		10000	1	18	目标受到点燃效果，在5秒内持续受到60%的火攻伤害。
1010	点燃	5	4	705	1	1	1	1000	5000	1	1	0	0	1010	1		10000	1	18	目标受到点燃效果，在5秒内持续受到60%的火攻伤害。
1010	点燃	6	4	705	1	1	1	1000	5000	1	1	0	0	1010	1		10000	1	18	目标受到点燃效果，在5秒内持续受到60%的火攻伤害。
1010	点燃	7	4	705	1	1	1	1000	5000	1	1	0	0	1010	1		10000	1	18	目标受到点燃效果，在5秒内持续受到60%的火攻伤害。
1010	点燃	8	4	705	1	1	1	1000	5000	1	1	0	0	1010	1		10000	1	18	目标受到点燃效果，在5秒内持续受到60%的火攻伤害。
1010	点燃	9	4	705	1	1	1	1000	5000	1	1	0	0	1010	1		10000	1	18	目标受到点燃效果，在5秒内持续受到60%的火攻伤害。
1010	点燃	10	4	705	1	1	1	1000	5000	1	1	0	0	1010	1		10000	1	18	目标受到点燃效果，在5秒内持续受到60%的火攻伤害。
1010	点燃	11	4	705	1	1	1	1000	5000	1	1	0	0	1010	1		10000	1	18	目标受到点燃效果，在5秒内持续受到60%的火攻伤害。
1010	点燃	12	4	705	1	1	1	1000	5000	1	1	0	0	1010	1		10000	1	18	目标受到点燃效果，在5秒内持续受到60%的火攻伤害。
1010	点燃	13	4	705	1	1	1	1000	5000	1	1	0	0	1010	1		10000	1	18	目标受到点燃效果，在5秒内持续受到60%的火攻伤害。
1010	点燃	14	4	705	1	1	1	1000	5000	1	1	0	0	1010	1		10000	1	18	目标受到点燃效果，在5秒内持续受到60%的火攻伤害。
1010	点燃	15	4	705	1	1	1	1000	5000	1	1	0	0	1010	1		10000	1	18	目标受到点燃效果，在5秒内持续受到60%的火攻伤害。
1010	点燃	16	4	705	1	1	1	1000	5000	1	1	0	0	1010	1		10000	1	18	目标受到点燃效果，在5秒内持续受到60%的火攻伤害。
1010	点燃	17	4	705	1	1	1	1000	5000	1	1	0	0	1010	1		10000	1	18	目标受到点燃效果，在5秒内持续受到60%的火攻伤害。
1010	点燃	18	4	705	1	1	1	1000	5000	1	1	0	0	1010	1		10000	1	18	目标受到点燃效果，在5秒内持续受到60%的火攻伤害。
1010	点燃	19	4	705	1	1	1	1000	5000	1	1	0	0	1010	1		10000	1	18	目标受到点燃效果，在5秒内持续受到60%的火攻伤害。
1010	点燃	20	4	705	1	1	1	1000	5000	1	1	0	0	1010	1		10000	1	18	目标受到点燃效果，在5秒内持续受到60%的火攻伤害。
1011	减速	1	2	703	1	1	1		3000	1	1	0	0	1011	1		10000	1	4	目标受到减速效果，在3秒内移动速度降低80%。
1011	减速	2	2	703	1	1	1		3000	1	1	0	0	1011	1		10000	1	4	目标受到减速效果，在3秒内移动速度降低80%。
1011	减速	3	2	703	1	1	1		3000	1	1	0	0	1011	1		10000	1	4	目标受到减速效果，在3秒内移动速度降低80%。
1011	减速	4	2	703	1	1	1		3000	1	1	0	0	1011	1		10000	1	4	目标受到减速效果，在3秒内移动速度降低80%。
1011	减速	5	2	703	1	1	1		3000	1	1	0	0	1011	1		10000	1	4	目标受到减速效果，在3秒内移动速度降低80%。
1011	减速	6	2	703	1	1	1		3000	1	1	0	0	1011	1		10000	1	4	目标受到减速效果，在3秒内移动速度降低80%。
1011	减速	7	2	703	1	1	1		3000	1	1	0	0	1011	1		10000	1	4	目标受到减速效果，在3秒内移动速度降低80%。
1011	减速	8	2	703	1	1	1		3000	1	1	0	0	1011	1		10000	1	4	目标受到减速效果，在3秒内移动速度降低80%。
1011	减速	9	2	703	1	1	1		3000	1	1	0	0	1011	1		10000	1	4	目标受到减速效果，在3秒内移动速度降低80%。
1011	减速	10	2	703	1	1	1		3000	1	1	0	0	1011	1		10000	1	4	目标受到减速效果，在3秒内移动速度降低80%。
1011	减速	11	2	703	1	1	1		3000	1	1	0	0	1011	1		10000	1	4	目标受到减速效果，在3秒内移动速度降低80%。
1011	减速	12	2	703	1	1	1		3000	1	1	0	0	1011	1		10000	1	4	目标受到减速效果，在3秒内移动速度降低80%。
1011	减速	13	2	703	1	1	1		3000	1	1	0	0	1011	1		10000	1	4	目标受到减速效果，在3秒内移动速度降低80%。
1011	减速	14	2	703	1	1	1		3000	1	1	0	0	1011	1		10000	1	4	目标受到减速效果，在3秒内移动速度降低80%。
1011	减速	15	2	703	1	1	1		3000	1	1	0	0	1011	1		10000	1	4	目标受到减速效果，在3秒内移动速度降低80%。
1011	减速	16	2	703	1	1	1		3000	1	1	0	0	1011	1		10000	1	4	目标受到减速效果，在3秒内移动速度降低80%。
1011	减速	17	2	703	1	1	1		3000	1	1	0	0	1011	1		10000	1	4	目标受到减速效果，在3秒内移动速度降低80%。
1011	减速	18	2	703	1	1	1		3000	1	1	0	0	1011	1		10000	1	4	目标受到减速效果，在3秒内移动速度降低80%。
1011	减速	19	2	703	1	1	1		3000	1	1	0	0	1011	1		10000	1	4	目标受到减速效果，在3秒内移动速度降低80%。
1011	减速	20	2	703	1	1	1		3000	1	1	0	0	1011	1		10000	1	4	目标受到减速效果，在3秒内移动速度降低80%。
1012	旋风	1	2	703	1	1	1	1000	3000	1	1	0	0	1012	1		10000	1	0	目标受到旋风效果，在3秒内持续受到旋风伤害。
1012	旋风	2	2	703	1	1	1	1000	3000	1	1	0	0	1012	1		10000	1	0	目标受到旋风效果，在3秒内持续受到旋风伤害。
1012	旋风	3	2	703	1	1	1	1000	3000	1	1	0	0	1012	1		10000	1	0	目标受到旋风效果，在3秒内持续受到旋风伤害。
1012	旋风	4	2	703	1	1	1	1000	3000	1	1	0	0	1012	1		10000	1	0	目标受到旋风效果，在3秒内持续受到旋风伤害。
1012	旋风	5	2	703	1	1	1	1000	3000	1	1	0	0	1012	1		10000	1	0	目标受到旋风效果，在3秒内持续受到旋风伤害。
1012	旋风	6	2	703	1	1	1	1000	3000	1	1	0	0	1012	1		10000	1	0	目标受到旋风效果，在3秒内持续受到旋风伤害。
1012	旋风	7	2	703	1	1	1	1000	3000	1	1	0	0	1012	1		10000	1	0	目标受到旋风效果，在3秒内持续受到旋风伤害。
1012	旋风	8	2	703	1	1	1	1000	3000	1	1	0	0	1012	1		10000	1	0	目标受到旋风效果，在3秒内持续受到旋风伤害。
1012	旋风	9	2	703	1	1	1	1000	3000	1	1	0	0	1012	1		10000	1	0	目标受到旋风效果，在3秒内持续受到旋风伤害。
1012	旋风	10	2	703	1	1	1	1000	3000	1	1	0	0	1012	1		10000	1	0	目标受到旋风效果，在3秒内持续受到旋风伤害。
1012	旋风	11	2	703	1	1	1	1000	3000	1	1	0	0	1012	1		10000	1	0	目标受到旋风效果，在3秒内持续受到旋风伤害。
1012	旋风	12	2	703	1	1	1	1000	3000	1	1	0	0	1012	1		10000	1	0	目标受到旋风效果，在3秒内持续受到旋风伤害。
1012	旋风	13	2	703	1	1	1	1000	3000	1	1	0	0	1012	1		10000	1	0	目标受到旋风效果，在3秒内持续受到旋风伤害。
1012	旋风	14	2	703	1	1	1	1000	3000	1	1	0	0	1012	1		10000	1	0	目标受到旋风效果，在3秒内持续受到旋风伤害。
1012	旋风	15	2	703	1	1	1	1000	3000	1	1	0	0	1012	1		10000	1	0	目标受到旋风效果，在3秒内持续受到旋风伤害。
1012	旋风	16	2	703	1	1	1	1000	3000	1	1	0	0	1012	1		10000	1	0	目标受到旋风效果，在3秒内持续受到旋风伤害。
1012	旋风	17	2	703	1	1	1	1000	3000	1	1	0	0	1012	1		10000	1	0	目标受到旋风效果，在3秒内持续受到旋风伤害。
1012	旋风	18	2	703	1	1	1	1000	3000	1	1	0	0	1012	1		10000	1	0	目标受到旋风效果，在3秒内持续受到旋风伤害。
1012	旋风	19	2	703	1	1	1	1000	3000	1	1	0	0	1012	1		10000	1	0	目标受到旋风效果，在3秒内持续受到旋风伤害。
1012	旋风	20	2	703	1	1	1	1000	3000	1	1	0	0	1012	1		10000	1	0	目标受到旋风效果，在3秒内持续受到旋风伤害。