skillId	name	level	sourceType	iconId	effectId	actionId	musicId	shockRate	buffUse	skillApplyType	hp	mp	cd	minUseRange	maxUseRange	serverTargetType	clientTargetType	triggerPassive	useGlobalCd	hitChange	critChange	attackType	prepareArg	hatredPercent	hatredAdd	affectSkills	targetAnimId	targetEffectId	battleScore	desc
技能ID	技能名字	等级	系统来源	图标ID	效果ID	动作ID	声音Id	震动几率\n100=100%	是否为BUFF触发技能\n[0否|1是]	技能类型\n[0主|1被]	消耗hp[int]	消耗mp[int]	cd(单位毫秒)	最小释放距离	最大释放距离	目标类型\n[0任意|1敌方|2己方]	客户端目标类型\n[0任意|1敌方|2友方|3自己]\n自己不会去判断施法距离，适合以自己为中心的群攻\n任意如果有目标则会判断距离，如果没目标则会直接释放（如果在攻击类型中选择加血，则如果选择地方就不会再判断距离，直接给自己释放技能）	是否触发被动技能效果(是否会触发双方的)\n[0否 1是]	是否公用公共cd\n[0否 1是]	命中修正[int]\n（100=1%）	暴击修正[int]\n（100=1%）	攻击类型[0默认|1普通攻击|2冲锋|3闪现|4复活|5加血]	预留参数	仇恨百分比[int]\n（1=1%）	额外附加仇恨	被动技能影响主动技能的id表(CD、耗蓝、耗HP、攻击距离、预留参数；用,分割；影响全部填-1)	被攻击者受伤动画id	被攻击者受伤特效id	战斗力	说明
20001	怪物近战普攻	1	3			2			0	0	0	0	1000	0	90	1	1	0	0	0	0	1		100	1		-1	-1	0	普攻
20002	怪物远战普攻	1	3		203	2			0	0	0	0	1000	0	330	1	1	0	0	0	0	1		100	1		-1	-1	0	普攻
20003	怪物远战普攻	1	3		203	2			0	0	0	0	1000	0	1800	1	1	0	0	0	0	1		100	1		-1	-1	0	普攻
100	主角普攻	1	0		104	2			0	0	0	0	1000	0	90	1	1	1	0	0	0	1		100	1		-1	-1	0	对敌方单个目标造成50%角色物攻的物理伤害。
200	战士普攻	1	1	0	104	2			0	0	0	0	1000	0	90	1	1	0	0	0	0	1		100	1		-1	-1	0	对敌方单个目标造成50%角色物攻的物理伤害。
205	大剑师普攻	1	1	0	109	2	170		0	0	0	0	1000	0	90	1	1	1	0	0	0	1		100	1		-1	-1	0	对敌方单个目标造成50%角色物攻的物理伤害。
210	刺客普攻	1	1	0	109	2	170		0	0	0	0	1000	0	90	1	1	1	0	0	0	1		100	1		-1	-1	0	对敌方单个目标造成50%角色物攻的物理伤害。
215	狂战士普攻	1	1	0	109	2	170		0	0	0	0	1000	0	90	1	1	1	0	0	0	1		100	1		-1	-1	0	对敌方单个目标造成50%角色物攻的物理伤害。
220	牛头人酋长普攻	1	1	0	109	2	170		0	0	0	0	1000	0	90	1	1	1	0	0	0	1		100	1		-1	-1	0	对敌方单个目标造成50%角色物攻的物理伤害。
225	不祥之刃普攻	1	1	0	109	2	170		0	0	0	0	1000	0	90	1	1	1	0	0	0	1		100	1		-1	-1	0	对敌方单个目标造成50%角色物攻的物理伤害。
230	德玛西亚之力普攻	1	1	0	109	2	170		0	0	0	0	1000	0	90	1	1	1	0	0	0	1		100	1		-1	-1	0	对敌方单个目标造成50%角色物攻的物理伤害。
235	寒冰射手普攻	1	1	0	109	2	170		0	0	0	0	1000	0	330	1	1	1	0	0	0	1		100	1		-1	-1	0	对敌方单个目标造成50%角色物攻的物理伤害。
240	凯尔萨斯普攻	1	1	0	109	2	170		0	0	0	0	1000	0	330	1	1	1	0	0	0	1		100	1		-1	-1	0	对敌方单个目标造成50%角色火攻的火系伤害。
245	三季稻普攻	1	1	0	109	2	170		0	0	0	0	1000	0	330	1	1	1	0	0	0	1		100	1		-1	-1	0	对敌方单个目标造成50%角色火攻的火系伤害。
30000	女神普攻	1	2	0	109	2	170		0	0	0	0	1000	0	330	1	1	1	0	0	0	1		100	1		-1	-1	0	对敌方单个目标造成50%角色物攻的物理伤害。
101	抵抗减速	1	1	4		2			0	1	0	0	0	0	0			0	0								-1	-1	5	提升角色抵抗减速的概率1%。
101	抵抗减速	2	1	4		2			0	1	0	0	0	0	0			0	0								-1	-1	10	提升角色抵抗减速的概率2%。
101	抵抗减速	3	1	4		2			0	1	0	0	0	0	0			0	0								-1	-1	15	提升角色抵抗减速的概率3%。
101	抵抗减速	4	1	4		2			0	1	0	0	0	0	0			0	0								-1	-1	20	提升角色抵抗减速的概率4%。
101	抵抗减速	5	1	4		2			0	1	0	0	0	0	0			0	0								-1	-1	25	提升角色抵抗减速的概率5%。
101	抵抗减速	6	1	4		2			0	1	0	0	0	0	0			0	0								-1	-1	30	提升角色抵抗减速的概率6%。
101	抵抗减速	7	1	4		2			0	1	0	0	0	0	0			0	0								-1	-1	35	提升角色抵抗减速的概率7%。
101	抵抗减速	8	1	4		2			0	1	0	0	0	0	0			0	0								-1	-1	40	提升角色抵抗减速的概率8%。
101	抵抗减速	9	1	4		2			0	1	0	0	0	0	0			0	0								-1	-1	45	提升角色抵抗减速的概率9%。
101	抵抗减速	10	1	4		2			0	1	0	0	0	0	0			0	0								-1	-1	50	提升角色抵抗减速的概率10%。
101	抵抗减速	11	1	4		2			0	1	0	0	0	0	0			0	0								-1	-1	55	提升角色抵抗减速的概率11%。
101	抵抗减速	12	1	4		2			0	1	0	0	0	0	0			0	0								-1	-1	60	提升角色抵抗减速的概率12%。
101	抵抗减速	13	1	4		2			0	1	0	0	0	0	0			0	0								-1	-1	65	提升角色抵抗减速的概率13%。
101	抵抗减速	14	1	4		2			0	1	0	0	0	0	0			0	0								-1	-1	70	提升角色抵抗减速的概率14%。
101	抵抗减速	15	1	4		2			0	1	0	0	0	0	0			0	0								-1	-1	75	提升角色抵抗减速的概率15%。
101	抵抗减速	16	1	4		2			0	1	0	0	0	0	0			0	0								-1	-1	80	提升角色抵抗减速的概率16%。
101	抵抗减速	17	1	4		2			0	1	0	0	0	0	0			0	0								-1	-1	85	提升角色抵抗减速的概率17%。
101	抵抗减速	18	1	4		2			0	1	0	0	0	0	0			0	0								-1	-1	90	提升角色抵抗减速的概率18%。
101	抵抗减速	19	1	4		2			0	1	0	0	0	0	0			0	0								-1	-1	95	提升角色抵抗减速的概率19%。
101	抵抗减速	20	1	4		2			0	1	0	0	0	0	0			0	0								-1	-1	100	提升角色抵抗减速的概率20%。
102	抵抗破甲	1	1	4		2			0	1	0	0	0	0	0			0	0								-1	-1	5	提升角色抵抗破甲的概率1%。
102	抵抗破甲	2	1	4		2			0	1	0	0	0	0	0			0	0								-1	-1	10	提升角色抵抗破甲的概率2%。
102	抵抗破甲	3	1	4		2			0	1	0	0	0	0	0			0	0								-1	-1	15	提升角色抵抗破甲的概率3%。
102	抵抗破甲	4	1	4		2			0	1	0	0	0	0	0			0	0								-1	-1	20	提升角色抵抗破甲的概率4%。
102	抵抗破甲	5	1	4		2			0	1	0	0	0	0	0			0	0								-1	-1	25	提升角色抵抗破甲的概率5%。
102	抵抗破甲	6	1	4		2			0	1	0	0	0	0	0			0	0								-1	-1	30	提升角色抵抗破甲的概率6%。
102	抵抗破甲	7	1	4		2			0	1	0	0	0	0	0			0	0								-1	-1	35	提升角色抵抗破甲的概率7%。
102	抵抗破甲	8	1	4		2			0	1	0	0	0	0	0			0	0								-1	-1	40	提升角色抵抗破甲的概率8%。
102	抵抗破甲	9	1	4		2			0	1	0	0	0	0	0			0	0								-1	-1	45	提升角色抵抗破甲的概率9%。
102	抵抗破甲	10	1	4		2			0	1	0	0	0	0	0			0	0								-1	-1	50	提升角色抵抗破甲的概率10%。
102	抵抗破甲	11	1	4		2			0	1	0	0	0	0	0			0	0								-1	-1	55	提升角色抵抗破甲的概率11%。
102	抵抗破甲	12	1	4		2			0	1	0	0	0	0	0			0	0								-1	-1	60	提升角色抵抗破甲的概率12%。
102	抵抗破甲	13	1	4		2			0	1	0	0	0	0	0			0	0								-1	-1	65	提升角色抵抗破甲的概率13%。
102	抵抗破甲	14	1	4		2			0	1	0	0	0	0	0			0	0								-1	-1	70	提升角色抵抗破甲的概率14%。
102	抵抗破甲	15	1	4		2			0	1	0	0	0	0	0			0	0								-1	-1	75	提升角色抵抗破甲的概率15%。
102	抵抗破甲	16	1	4		2			0	1	0	0	0	0	0			0	0								-1	-1	80	提升角色抵抗破甲的概率16%。
102	抵抗破甲	17	1	4		2			0	1	0	0	0	0	0			0	0								-1	-1	85	提升角色抵抗破甲的概率17%。
102	抵抗破甲	18	1	4		2			0	1	0	0	0	0	0			0	0								-1	-1	90	提升角色抵抗破甲的概率18%。
102	抵抗破甲	19	1	4		2			0	1	0	0	0	0	0			0	0								-1	-1	95	提升角色抵抗破甲的概率19%。
102	抵抗破甲	20	1	4		2			0	1	0	0	0	0	0			0	0								-1	-1	100	提升角色抵抗破甲的概率20%。
103	抵抗破甲	1	1	4		2			0	1	0	0	0	0	0			0	0								-1	-1	5	提升角色抵抗破甲的概率1%。
103	抵抗击飞	2	1	4		2			0	1	0	0	0	0	0			0	0								-1	-1	10	提升角色抵抗击飞的概率2%。
103	抵抗击飞	3	1	4		2			0	1	0	0	0	0	0			0	0								-1	-1	15	提升角色抵抗击飞的概率3%。
103	抵抗击飞	4	1	4		2			0	1	0	0	0	0	0			0	0								-1	-1	20	提升角色抵抗击飞的概率4%。
103	抵抗击飞	5	1	4		2			0	1	0	0	0	0	0			0	0								-1	-1	25	提升角色抵抗击飞的概率5%。
103	抵抗击飞	6	1	4		2			0	1	0	0	0	0	0			0	0								-1	-1	30	提升角色抵抗击飞的概率6%。
103	抵抗击飞	7	1	4		2			0	1	0	0	0	0	0			0	0								-1	-1	35	提升角色抵抗击飞的概率7%。
103	抵抗击飞	8	1	4		2			0	1	0	0	0	0	0			0	0								-1	-1	40	提升角色抵抗击飞的概率8%。
103	抵抗击飞	9	1	4		2			0	1	0	0	0	0	0			0	0								-1	-1	45	提升角色抵抗击飞的概率9%。
103	抵抗击飞	10	1	4		2			0	1	0	0	0	0	0			0	0								-1	-1	50	提升角色抵抗击飞的概率10%。
103	抵抗击飞	11	1	4		2			0	1	0	0	0	0	0			0	0								-1	-1	55	提升角色抵抗击飞的概率11%。
103	抵抗击飞	12	1	4		2			0	1	0	0	0	0	0			0	0								-1	-1	60	提升角色抵抗击飞的概率12%。
103	抵抗击飞	13	1	4		2			0	1	0	0	0	0	0			0	0								-1	-1	65	提升角色抵抗击飞的概率13%。
103	抵抗击飞	14	1	4		2			0	1	0	0	0	0	0			0	0								-1	-1	70	提升角色抵抗击飞的概率14%。
103	抵抗击飞	15	1	4		2			0	1	0	0	0	0	0			0	0								-1	-1	75	提升角色抵抗击飞的概率15%。
103	抵抗击飞	16	1	4		2			0	1	0	0	0	0	0			0	0								-1	-1	80	提升角色抵抗击飞的概率16%。
103	抵抗击飞	17	1	4		2			0	1	0	0	0	0	0			0	0								-1	-1	85	提升角色抵抗击飞的概率17%。
103	抵抗击飞	18	1	4		2			0	1	0	0	0	0	0			0	0								-1	-1	90	提升角色抵抗击飞的概率18%。
103	抵抗击飞	19	1	4		2			0	1	0	0	0	0	0			0	0								-1	-1	95	提升角色抵抗击飞的概率19%。
103	抵抗击飞	20	1	4		2			0	1	0	0	0	0	0			0	0								-1	-1	100	提升角色抵抗击飞的概率20%。
104	抵抗流血	1	1	4		2			0	1	0	0	0	0	0			0	0								-1	-1	5	提升角色抵抗流血的概率1%。
104	抵抗流血	2	1	4		2			0	1	0	0	0	0	0			0	0								-1	-1	10	提升角色抵抗流血的概率2%。
104	抵抗流血	3	1	4		2			0	1	0	0	0	0	0			0	0								-1	-1	15	提升角色抵抗流血的概率3%。
104	抵抗流血	4	1	4		2			0	1	0	0	0	0	0			0	0								-1	-1	20	提升角色抵抗流血的概率4%。
104	抵抗流血	5	1	4		2			0	1	0	0	0	0	0			0	0								-1	-1	25	提升角色抵抗流血的概率5%。
104	抵抗流血	6	1	4		2			0	1	0	0	0	0	0			0	0								-1	-1	30	提升角色抵抗流血的概率6%。
104	抵抗流血	7	1	4		2			0	1	0	0	0	0	0			0	0								-1	-1	35	提升角色抵抗流血的概率7%。
104	抵抗流血	8	1	4		2			0	1	0	0	0	0	0			0	0								-1	-1	40	提升角色抵抗流血的概率8%。
104	抵抗流血	9	1	4		2			0	1	0	0	0	0	0			0	0								-1	-1	45	提升角色抵抗流血的概率9%。
104	抵抗流血	10	1	4		2			0	1	0	0	0	0	0			0	0								-1	-1	50	提升角色抵抗流血的概率10%。
104	抵抗流血	11	1	4		2			0	1	0	0	0	0	0			0	0								-1	-1	55	提升角色抵抗流血的概率11%。
104	抵抗流血	12	1	4		2			0	1	0	0	0	0	0			0	0								-1	-1	60	提升角色抵抗流血的概率12%。
104	抵抗流血	13	1	4		2			0	1	0	0	0	0	0			0	0								-1	-1	65	提升角色抵抗流血的概率13%。
104	抵抗流血	14	1	4		2			0	1	0	0	0	0	0			0	0								-1	-1	70	提升角色抵抗流血的概率14%。
104	抵抗流血	15	1	4		2			0	1	0	0	0	0	0			0	0								-1	-1	75	提升角色抵抗流血的概率15%。
104	抵抗流血	16	1	4		2			0	1	0	0	0	0	0			0	0								-1	-1	80	提升角色抵抗流血的概率16%。
104	抵抗流血	17	1	4		2			0	1	0	0	0	0	0			0	0								-1	-1	85	提升角色抵抗流血的概率17%。
104	抵抗流血	18	1	4		2			0	1	0	0	0	0	0			0	0								-1	-1	90	提升角色抵抗流血的概率18%。
104	抵抗流血	19	1	4		2			0	1	0	0	0	0	0			0	0								-1	-1	95	提升角色抵抗流血的概率19%。
104	抵抗流血	20	1	4		2			0	1	0	0	0	0	0			0	0								-1	-1	100	提升角色抵抗流血的概率20%。
105	抵抗点燃	1	1	4		2			0	1	0	0	0	0	0			0	0								-1	-1	5	提升角色抵抗点燃的概率1%。
105	抵抗点燃	2	1	4		2			0	1	0	0	0	0	0			0	0								-1	-1	10	提升角色抵抗点燃的概率2%。
105	抵抗点燃	3	1	4		2			0	1	0	0	0	0	0			0	0								-1	-1	15	提升角色抵抗点燃的概率3%。
105	抵抗点燃	4	1	4		2			0	1	0	0	0	0	0			0	0								-1	-1	20	提升角色抵抗点燃的概率4%。
105	抵抗点燃	5	1	4		2			0	1	0	0	0	0	0			0	0								-1	-1	25	提升角色抵抗点燃的概率5%。
105	抵抗点燃	6	1	4		2			0	1	0	0	0	0	0			0	0								-1	-1	30	提升角色抵抗点燃的概率6%。
105	抵抗点燃	7	1	4		2			0	1	0	0	0	0	0			0	0								-1	-1	35	提升角色抵抗点燃的概率7%。
105	抵抗点燃	8	1	4		2			0	1	0	0	0	0	0			0	0								-1	-1	40	提升角色抵抗点燃的概率8%。
105	抵抗点燃	9	1	4		2			0	1	0	0	0	0	0			0	0								-1	-1	45	提升角色抵抗点燃的概率9%。
105	抵抗点燃	10	1	4		2			0	1	0	0	0	0	0			0	0								-1	-1	50	提升角色抵抗点燃的概率10%。
105	抵抗点燃	11	1	4		2			0	1	0	0	0	0	0			0	0								-1	-1	55	提升角色抵抗点燃的概率11%。
105	抵抗点燃	12	1	4		2			0	1	0	0	0	0	0			0	0								-1	-1	60	提升角色抵抗点燃的概率12%。
105	抵抗点燃	13	1	4		2			0	1	0	0	0	0	0			0	0								-1	-1	65	提升角色抵抗点燃的概率13%。
105	抵抗点燃	14	1	4		2			0	1	0	0	0	0	0			0	0								-1	-1	70	提升角色抵抗点燃的概率14%。
105	抵抗点燃	15	1	4		2			0	1	0	0	0	0	0			0	0								-1	-1	75	提升角色抵抗点燃的概率15%。
105	抵抗点燃	16	1	4		2			0	1	0	0	0	0	0			0	0								-1	-1	80	提升角色抵抗点燃的概率16%。
105	抵抗点燃	17	1	4		2			0	1	0	0	0	0	0			0	0								-1	-1	85	提升角色抵抗点燃的概率17%。
105	抵抗点燃	18	1	4		2			0	1	0	0	0	0	0			0	0								-1	-1	90	提升角色抵抗点燃的概率18%。
105	抵抗点燃	19	1	4		2			0	1	0	0	0	0	0			0	0								-1	-1	95	提升角色抵抗点燃的概率19%。
105	抵抗点燃	20	1	4		2			0	1	0	0	0	0	0			0	0								-1	-1	100	提升角色抵抗点燃的概率20%。
106	抵抗沉默	1	1	4		2			0	1	0	0	0	0	0			0	0								-1	-1	5	提升角色抵抗沉默的概率1%。
106	抵抗沉默	2	1	4		2			0	1	0	0	0	0	0			0	0								-1	-1	10	提升角色抵抗沉默的概率2%。
106	抵抗沉默	3	1	4		2			0	1	0	0	0	0	0			0	0								-1	-1	15	提升角色抵抗沉默的概率3%。
106	抵抗沉默	4	1	4		2			0	1	0	0	0	0	0			0	0								-1	-1	20	提升角色抵抗沉默的概率4%。
106	抵抗沉默	5	1	4		2			0	1	0	0	0	0	0			0	0								-1	-1	25	提升角色抵抗沉默的概率5%。
106	抵抗沉默	6	1	4		2			0	1	0	0	0	0	0			0	0								-1	-1	30	提升角色抵抗沉默的概率6%。
106	抵抗沉默	7	1	4		2			0	1	0	0	0	0	0			0	0								-1	-1	35	提升角色抵抗沉默的概率7%。
106	抵抗沉默	8	1	4		2			0	1	0	0	0	0	0			0	0								-1	-1	40	提升角色抵抗沉默的概率8%。
106	抵抗沉默	9	1	4		2			0	1	0	0	0	0	0			0	0								-1	-1	45	提升角色抵抗沉默的概率9%。
106	抵抗沉默	10	1	4		2			0	1	0	0	0	0	0			0	0								-1	-1	50	提升角色抵抗沉默的概率10%。
106	抵抗沉默	11	1	4		2			0	1	0	0	0	0	0			0	0								-1	-1	55	提升角色抵抗沉默的概率11%。
106	抵抗沉默	12	1	4		2			0	1	0	0	0	0	0			0	0								-1	-1	60	提升角色抵抗沉默的概率12%。
106	抵抗沉默	13	1	4		2			0	1	0	0	0	0	0			0	0								-1	-1	65	提升角色抵抗沉默的概率13%。
106	抵抗沉默	14	1	4		2			0	1	0	0	0	0	0			0	0								-1	-1	70	提升角色抵抗沉默的概率14%。
106	抵抗沉默	15	1	4		2			0	1	0	0	0	0	0			0	0								-1	-1	75	提升角色抵抗沉默的概率15%。
106	抵抗沉默	16	1	4		2			0	1	0	0	0	0	0			0	0								-1	-1	80	提升角色抵抗沉默的概率16%。
106	抵抗沉默	17	1	4		2			0	1	0	0	0	0	0			0	0								-1	-1	85	提升角色抵抗沉默的概率17%。
106	抵抗沉默	18	1	4		2			0	1	0	0	0	0	0			0	0								-1	-1	90	提升角色抵抗沉默的概率18%。
106	抵抗沉默	19	1	4		2			0	1	0	0	0	0	0			0	0								-1	-1	95	提升角色抵抗沉默的概率19%。
106	抵抗沉默	20	1	4		2			0	1	0	0	0	0	0			0	0								-1	-1	100	提升角色抵抗沉默的概率20%。
107	抵抗定身	1	1	4		2			0	1	0	0	0	0	0			0	0								-1	-1	5	提升角色抵抗定身的概率1%。
107	抵抗定身	2	1	4		2			0	1	0	0	0	0	0			0	0								-1	-1	10	提升角色抵抗定身的概率2%。
107	抵抗定身	3	1	4		2			0	1	0	0	0	0	0			0	0								-1	-1	15	提升角色抵抗定身的概率3%。
107	抵抗定身	4	1	4		2			0	1	0	0	0	0	0			0	0								-1	-1	20	提升角色抵抗定身的概率4%。
107	抵抗定身	5	1	4		2			0	1	0	0	0	0	0			0	0								-1	-1	25	提升角色抵抗定身的概率5%。
107	抵抗定身	6	1	4		2			0	1	0	0	0	0	0			0	0								-1	-1	30	提升角色抵抗定身的概率6%。
107	抵抗定身	7	1	4		2			0	1	0	0	0	0	0			0	0								-1	-1	35	提升角色抵抗定身的概率7%。
107	抵抗定身	8	1	4		2			0	1	0	0	0	0	0			0	0								-1	-1	40	提升角色抵抗定身的概率8%。
107	抵抗定身	9	1	4		2			0	1	0	0	0	0	0			0	0								-1	-1	45	提升角色抵抗定身的概率9%。
107	抵抗定身	10	1	4		2			0	1	0	0	0	0	0			0	0								-1	-1	50	提升角色抵抗定身的概率10%。
107	抵抗定身	11	1	4		2			0	1	0	0	0	0	0			0	0								-1	-1	55	提升角色抵抗定身的概率11%。
107	抵抗定身	12	1	4		2			0	1	0	0	0	0	0			0	0								-1	-1	60	提升角色抵抗定身的概率12%。
107	抵抗定身	13	1	4		2			0	1	0	0	0	0	0			0	0								-1	-1	65	提升角色抵抗定身的概率13%。
107	抵抗定身	14	1	4		2			0	1	0	0	0	0	0			0	0								-1	-1	70	提升角色抵抗定身的概率14%。
107	抵抗定身	15	1	4		2			0	1	0	0	0	0	0			0	0								-1	-1	75	提升角色抵抗定身的概率15%。
107	抵抗定身	16	1	4		2			0	1	0	0	0	0	0			0	0								-1	-1	80	提升角色抵抗定身的概率16%。
107	抵抗定身	17	1	4		2			0	1	0	0	0	0	0			0	0								-1	-1	85	提升角色抵抗定身的概率17%。
107	抵抗定身	18	1	4		2			0	1	0	0	0	0	0			0	0								-1	-1	90	提升角色抵抗定身的概率18%。
107	抵抗定身	19	1	4		2			0	1	0	0	0	0	0			0	0								-1	-1	95	提升角色抵抗定身的概率19%。
107	抵抗定身	20	1	4		2			0	1	0	0	0	0	0			0	0								-1	-1	100	提升角色抵抗定身的概率20%。
																														
201	战士重击	1	1	0	109	2	170		0	0	0	10	4000	0	90	1	1	1	1	0	0	0		100	1		-1	-1	10	对敌方单个目标造成80%角色物攻+50点物理伤害。
201	战士重击	2	1	0	109	2	170		0	0	0	12	4000	0	90	1	1	1	1	0	0	0		100	1		-1	-1	20	对敌方单个目标造成80%角色物攻+60点物理伤害。
201	战士重击	3	1	0	109	2	170		0	0	0	14	4000	0	90	1	1	1	1	0	0	0		100	1		-1	-1	30	对敌方单个目标造成80%角色物攻+70点物理伤害。
201	战士重击	4	1	0	109	2	170		0	0	0	16	4000	0	90	1	1	1	1	0	0	0		100	1		-1	-1	40	对敌方单个目标造成80%角色物攻+80点物理伤害。
201	战士重击	5	1	0	109	2	170		0	0	0	18	4000	0	90	1	1	1	1	0	0	0		100	1		-1	-1	50	对敌方单个目标造成80%角色物攻+90点物理伤害。
201	战士重击	6	1	0	109	2	170		0	0	0	20	4000	0	90	1	1	1	1	0	0	0		100	1		-1	-1	60	对敌方单个目标造成80%角色物攻+100点物理伤害。
201	战士重击	7	1	0	109	2	170		0	0	0	22	4000	0	90	1	1	1	1	0	0	0		100	1		-1	-1	70	对敌方单个目标造成80%角色物攻+110点物理伤害。
201	战士重击	8	1	0	109	2	170		0	0	0	24	4000	0	90	1	1	1	1	0	0	0		100	1		-1	-1	80	对敌方单个目标造成80%角色物攻+120点物理伤害。
201	战士重击	9	1	0	109	2	170		0	0	0	26	4000	0	90	1	1	1	1	0	0	0		100	1		-1	-1	90	对敌方单个目标造成80%角色物攻+130点物理伤害。
201	战士重击	10	1	0	109	2	170		0	0	0	28	4000	0	90	1	1	1	1	0	0	0		100	1		-1	-1	100	对敌方单个目标造成80%角色物攻+140点物理伤害。
201	战士重击	11	1	0	109	2	170		0	0	0	30	4000	0	90	1	1	1	1	0	0	0		100	1		-1	-1	110	对敌方单个目标造成80%角色物攻+150点物理伤害。
201	战士重击	12	1	0	109	2	170		0	0	0	32	4000	0	90	1	1	1	1	0	0	0		100	1		-1	-1	120	对敌方单个目标造成80%角色物攻+160点物理伤害。
201	战士重击	13	1	0	109	2	170		0	0	0	34	4000	0	90	1	1	1	1	0	0	0		100	1		-1	-1	130	对敌方单个目标造成80%角色物攻+170点物理伤害。
201	战士重击	14	1	0	109	2	170		0	0	0	36	4000	0	90	1	1	1	1	0	0	0		100	1		-1	-1	140	对敌方单个目标造成80%角色物攻+180点物理伤害。
201	战士重击	15	1	0	109	2	170		0	0	0	38	4000	0	90	1	1	1	1	0	0	0		100	1		-1	-1	150	对敌方单个目标造成80%角色物攻+190点物理伤害。
201	战士重击	16	1	0	109	2	170		0	0	0	40	4000	0	90	1	1	1	1	0	0	0		100	1		-1	-1	160	对敌方单个目标造成80%角色物攻+200点物理伤害。
201	战士重击	17	1	0	109	2	170		0	0	0	42	4000	0	90	1	1	1	1	0	0	0		100	1		-1	-1	170	对敌方单个目标造成80%角色物攻+210点物理伤害。
201	战士重击	18	1	0	109	2	170		0	0	0	44	4000	0	90	1	1	1	1	0	0	0		100	1		-1	-1	180	对敌方单个目标造成80%角色物攻+220点物理伤害。
201	战士重击	19	1	0	109	2	170		0	0	0	46	4000	0	90	1	1	1	1	0	0	0		100	1		-1	-1	190	对敌方单个目标造成80%角色物攻+230点物理伤害。
201	战士重击	20	1	0	109	2	170		0	0	0	48	4000	0	90	1	1	1	1	0	0	0		100	1		-1	-1	200	对敌方单个目标造成80%角色物攻+240点物理伤害。
206	大剑师重击	1	1	0	109	2	170		0	0	0	10	4000	0	90	1	1	1	1	0	0	0		100	1		-1	-1	10	对敌方单个目标造成80%角色物攻+50点物理伤害。
206	大剑师重击	2	1	0	109	2	170		0	0	0	12	4000	0	90	1	1	1	1	0	0	0		100	1		-1	-1	20	对敌方单个目标造成80%角色物攻+60点物理伤害。
206	大剑师重击	3	1	0	109	2	170		0	0	0	14	4000	0	90	1	1	1	1	0	0	0		100	1		-1	-1	30	对敌方单个目标造成80%角色物攻+70点物理伤害。
206	大剑师重击	4	1	0	109	2	170		0	0	0	16	4000	0	90	1	1	1	1	0	0	0		100	1		-1	-1	40	对敌方单个目标造成80%角色物攻+80点物理伤害。
206	大剑师重击	5	1	0	109	2	170		0	0	0	18	4000	0	90	1	1	1	1	0	0	0		100	1		-1	-1	50	对敌方单个目标造成80%角色物攻+90点物理伤害。
206	大剑师重击	6	1	0	109	2	170		0	0	0	20	4000	0	90	1	1	1	1	0	0	0		100	1		-1	-1	60	对敌方单个目标造成80%角色物攻+100点物理伤害。
206	大剑师重击	7	1	0	109	2	170		0	0	0	22	4000	0	90	1	1	1	1	0	0	0		100	1		-1	-1	70	对敌方单个目标造成80%角色物攻+110点物理伤害。
206	大剑师重击	8	1	0	109	2	170		0	0	0	24	4000	0	90	1	1	1	1	0	0	0		100	1		-1	-1	80	对敌方单个目标造成80%角色物攻+120点物理伤害。
206	大剑师重击	9	1	0	109	2	170		0	0	0	26	4000	0	90	1	1	1	1	0	0	0		100	1		-1	-1	90	对敌方单个目标造成80%角色物攻+130点物理伤害。
206	大剑师重击	10	1	0	109	2	170		0	0	0	28	4000	0	90	1	1	1	1	0	0	0		100	1		-1	-1	100	对敌方单个目标造成80%角色物攻+140点物理伤害。
206	大剑师重击	11	1	0	109	2	170		0	0	0	30	4000	0	90	1	1	1	1	0	0	0		100	1		-1	-1	110	对敌方单个目标造成80%角色物攻+150点物理伤害。
206	大剑师重击	12	1	0	109	2	170		0	0	0	32	4000	0	90	1	1	1	1	0	0	0		100	1		-1	-1	120	对敌方单个目标造成80%角色物攻+160点物理伤害。
206	大剑师重击	13	1	0	109	2	170		0	0	0	34	4000	0	90	1	1	1	1	0	0	0		100	1		-1	-1	130	对敌方单个目标造成80%角色物攻+170点物理伤害。
206	大剑师重击	14	1	0	109	2	170		0	0	0	36	4000	0	90	1	1	1	1	0	0	0		100	1		-1	-1	140	对敌方单个目标造成80%角色物攻+180点物理伤害。
206	大剑师重击	15	1	0	109	2	170		0	0	0	38	4000	0	90	1	1	1	1	0	0	0		100	1		-1	-1	150	对敌方单个目标造成80%角色物攻+190点物理伤害。
206	大剑师重击	16	1	0	109	2	170		0	0	0	40	4000	0	90	1	1	1	1	0	0	0		100	1		-1	-1	160	对敌方单个目标造成80%角色物攻+200点物理伤害。
206	大剑师重击	17	1	0	109	2	170		0	0	0	42	4000	0	90	1	1	1	1	0	0	0		100	1		-1	-1	170	对敌方单个目标造成80%角色物攻+210点物理伤害。
206	大剑师重击	18	1	0	109	2	170		0	0	0	44	4000	0	90	1	1	1	1	0	0	0		100	1		-1	-1	180	对敌方单个目标造成80%角色物攻+220点物理伤害。
206	大剑师重击	19	1	0	109	2	170		0	0	0	46	4000	0	90	1	1	1	1	0	0	0		100	1		-1	-1	190	对敌方单个目标造成80%角色物攻+230点物理伤害。
206	大剑师重击	20	1	0	109	2	170		0	0	0	48	4000	0	90	1	1	1	1	0	0	0		100	1		-1	-1	200	对敌方单个目标造成80%角色物攻+240点物理伤害。
207	大剑师烈焰斩	1	1	0	109	2	170		0	0	0	10	6000	0	90	1	1	1	1	0	0	0		100	1		-1	-1	10	对敌方群体目标造成100%角色物攻+50点物理伤害。
207	大剑师烈焰斩	2	1	0	109	2	170		0	0	0	12	6000	0	90	1	1	1	1	0	0	0		100	1		-1	-1	20	对敌方群体目标造成100%角色物攻+60点物理伤害。
207	大剑师烈焰斩	3	1	0	109	2	170		0	0	0	14	6000	0	90	1	1	1	1	0	0	0		100	1		-1	-1	30	对敌方群体目标造成100%角色物攻+70点物理伤害。
207	大剑师烈焰斩	4	1	0	109	2	170		0	0	0	16	6000	0	90	1	1	1	1	0	0	0		100	1		-1	-1	40	对敌方群体目标造成100%角色物攻+80点物理伤害。
207	大剑师烈焰斩	5	1	0	109	2	170		0	0	0	18	6000	0	90	1	1	1	1	0	0	0		100	1		-1	-1	50	对敌方群体目标造成100%角色物攻+90点物理伤害。
207	大剑师烈焰斩	6	1	0	109	2	170		0	0	0	20	6000	0	90	1	1	1	1	0	0	0		100	1		-1	-1	60	对敌方群体目标造成100%角色物攻+100点物理伤害。
207	大剑师烈焰斩	7	1	0	109	2	170		0	0	0	22	6000	0	90	1	1	1	1	0	0	0		100	1		-1	-1	70	对敌方群体目标造成100%角色物攻+110点物理伤害。
207	大剑师烈焰斩	8	1	0	109	2	170		0	0	0	24	6000	0	90	1	1	1	1	0	0	0		100	1		-1	-1	80	对敌方群体目标造成100%角色物攻+120点物理伤害。
207	大剑师烈焰斩	9	1	0	109	2	170		0	0	0	26	6000	0	90	1	1	1	1	0	0	0		100	1		-1	-1	90	对敌方群体目标造成100%角色物攻+130点物理伤害。
207	大剑师烈焰斩	10	1	0	109	2	170		0	0	0	28	6000	0	90	1	1	1	1	0	0	0		100	1		-1	-1	100	对敌方群体目标造成100%角色物攻+140点物理伤害。
207	大剑师烈焰斩	11	1	0	109	2	170		0	0	0	30	6000	0	90	1	1	1	1	0	0	0		100	1		-1	-1	110	对敌方群体目标造成100%角色物攻+150点物理伤害。
207	大剑师烈焰斩	12	1	0	109	2	170		0	0	0	32	6000	0	90	1	1	1	1	0	0	0		100	1		-1	-1	120	对敌方群体目标造成100%角色物攻+160点物理伤害。
207	大剑师烈焰斩	13	1	0	109	2	170		0	0	0	34	6000	0	90	1	1	1	1	0	0	0		100	1		-1	-1	130	对敌方群体目标造成100%角色物攻+170点物理伤害。
207	大剑师烈焰斩	14	1	0	109	2	170		0	0	0	36	6000	0	90	1	1	1	1	0	0	0		100	1		-1	-1	140	对敌方群体目标造成100%角色物攻+180点物理伤害。
207	大剑师烈焰斩	15	1	0	109	2	170		0	0	0	38	6000	0	90	1	1	1	1	0	0	0		100	1		-1	-1	150	对敌方群体目标造成100%角色物攻+190点物理伤害。
207	大剑师烈焰斩	16	1	0	109	2	170		0	0	0	40	6000	0	90	1	1	1	1	0	0	0		100	1		-1	-1	160	对敌方群体目标造成100%角色物攻+200点物理伤害。
207	大剑师烈焰斩	17	1	0	109	2	170		0	0	0	42	6000	0	90	1	1	1	1	0	0	0		100	1		-1	-1	170	对敌方群体目标造成100%角色物攻+210点物理伤害。
207	大剑师烈焰斩	18	1	0	109	2	170		0	0	0	44	6000	0	90	1	1	1	1	0	0	0		100	1		-1	-1	180	对敌方群体目标造成100%角色物攻+220点物理伤害。
207	大剑师烈焰斩	19	1	0	109	2	170		0	0	0	46	6000	0	90	1	1	1	1	0	0	0		100	1		-1	-1	190	对敌方群体目标造成100%角色物攻+230点物理伤害。
207	大剑师烈焰斩	20	1	0	109	2	170		0	0	0	48	6000	0	90	1	1	1	1	0	0	0		100	1		-1	-1	200	对敌方群体目标造成100%角色物攻+240点物理伤害。
211	刺客邪恶攻击	1	1	0	109	2	170		0	0	0	10	4000	0	90	1	1	1	1	0	0	0		100	1		-1	-1	10	对敌方单个目标造成80%角色物攻+50点物理伤害。
211	刺客邪恶攻击	2	1	0	109	2	170		0	0	0	12	4000	0	90	1	1	1	1	0	0	0		100	1		-1	-1	20	对敌方单个目标造成80%角色物攻+60点物理伤害。
211	刺客邪恶攻击	3	1	0	109	2	170		0	0	0	14	4000	0	90	1	1	1	1	0	0	0		100	1		-1	-1	30	对敌方单个目标造成80%角色物攻+70点物理伤害。
211	刺客邪恶攻击	4	1	0	109	2	170		0	0	0	16	4000	0	90	1	1	1	1	0	0	0		100	1		-1	-1	40	对敌方单个目标造成80%角色物攻+80点物理伤害。
211	刺客邪恶攻击	5	1	0	109	2	170		0	0	0	18	4000	0	90	1	1	1	1	0	0	0		100	1		-1	-1	50	对敌方单个目标造成80%角色物攻+90点物理伤害。
211	刺客邪恶攻击	6	1	0	109	2	170		0	0	0	20	4000	0	90	1	1	1	1	0	0	0		100	1		-1	-1	60	对敌方单个目标造成80%角色物攻+100点物理伤害。
211	刺客邪恶攻击	7	1	0	109	2	170		0	0	0	22	4000	0	90	1	1	1	1	0	0	0		100	1		-1	-1	70	对敌方单个目标造成80%角色物攻+110点物理伤害。
211	刺客邪恶攻击	8	1	0	109	2	170		0	0	0	24	4000	0	90	1	1	1	1	0	0	0		100	1		-1	-1	80	对敌方单个目标造成80%角色物攻+120点物理伤害。
211	刺客邪恶攻击	9	1	0	109	2	170		0	0	0	26	4000	0	90	1	1	1	1	0	0	0		100	1		-1	-1	90	对敌方单个目标造成80%角色物攻+130点物理伤害。
211	刺客邪恶攻击	10	1	0	109	2	170		0	0	0	28	4000	0	90	1	1	1	1	0	0	0		100	1		-1	-1	100	对敌方单个目标造成80%角色物攻+140点物理伤害。
211	刺客邪恶攻击	11	1	0	109	2	170		0	0	0	30	4000	0	90	1	1	1	1	0	0	0		100	1		-1	-1	110	对敌方单个目标造成80%角色物攻+150点物理伤害。
211	刺客邪恶攻击	12	1	0	109	2	170		0	0	0	32	4000	0	90	1	1	1	1	0	0	0		100	1		-1	-1	120	对敌方单个目标造成80%角色物攻+160点物理伤害。
211	刺客邪恶攻击	13	1	0	109	2	170		0	0	0	34	4000	0	90	1	1	1	1	0	0	0		100	1		-1	-1	130	对敌方单个目标造成80%角色物攻+170点物理伤害。
211	刺客邪恶攻击	14	1	0	109	2	170		0	0	0	36	4000	0	90	1	1	1	1	0	0	0		100	1		-1	-1	140	对敌方单个目标造成80%角色物攻+180点物理伤害。
211	刺客邪恶攻击	15	1	0	109	2	170		0	0	0	38	4000	0	90	1	1	1	1	0	0	0		100	1		-1	-1	150	对敌方单个目标造成80%角色物攻+190点物理伤害。
211	刺客邪恶攻击	16	1	0	109	2	170		0	0	0	40	4000	0	90	1	1	1	1	0	0	0		100	1		-1	-1	160	对敌方单个目标造成80%角色物攻+200点物理伤害。
211	刺客邪恶攻击	17	1	0	109	2	170		0	0	0	42	4000	0	90	1	1	1	1	0	0	0		100	1		-1	-1	170	对敌方单个目标造成80%角色物攻+210点物理伤害。
211	刺客邪恶攻击	18	1	0	109	2	170		0	0	0	44	4000	0	90	1	1	1	1	0	0	0		100	1		-1	-1	180	对敌方单个目标造成80%角色物攻+220点物理伤害。
211	刺客邪恶攻击	19	1	0	109	2	170		0	0	0	46	4000	0	90	1	1	1	1	0	0	0		100	1		-1	-1	190	对敌方单个目标造成80%角色物攻+230点物理伤害。
211	刺客邪恶攻击	20	1	0	109	2	170		0	0	0	48	4000	0	90	1	1	1	1	0	0	0		100	1		-1	-1	200	对敌方单个目标造成80%角色物攻+240点物理伤害。
212	刺客暗影步	1	1	0	109	2	170		0	0	0	10	6000	0	90	1	1	1	1	0	0	2		100	1		-1	-1	10	突进到目标身前,对敌方单个目标造成100%角色物攻+50点物理伤害。
212	刺客暗影步	2	1	0	109	2	170		0	0	0	12	6000	0	90	1	1	1	1	0	0	2		100	1		-1	-1	20	突进到目标身前,对敌方单个目标造成100%角色物攻+60点物理伤害。
212	刺客暗影步	3	1	0	109	2	170		0	0	0	14	6000	0	90	1	1	1	1	0	0	2		100	1		-1	-1	30	突进到目标身前,对敌方单个目标造成100%角色物攻+70点物理伤害。
212	刺客暗影步	4	1	0	109	2	170		0	0	0	16	6000	0	90	1	1	1	1	0	0	2		100	1		-1	-1	40	突进到目标身前,对敌方单个目标造成100%角色物攻+80点物理伤害。
212	刺客暗影步	5	1	0	109	2	170		0	0	0	18	6000	0	90	1	1	1	1	0	0	2		100	1		-1	-1	50	突进到目标身前,对敌方单个目标造成100%角色物攻+90点物理伤害。
212	刺客暗影步	6	1	0	109	2	170		0	0	0	20	6000	0	90	1	1	1	1	0	0	2		100	1		-1	-1	60	突进到目标身前,对敌方单个目标造成100%角色物攻+100点物理伤害。
212	刺客暗影步	7	1	0	109	2	170		0	0	0	22	6000	0	90	1	1	1	1	0	0	2		100	1		-1	-1	70	突进到目标身前,对敌方单个目标造成100%角色物攻+110点物理伤害。
212	刺客暗影步	8	1	0	109	2	170		0	0	0	24	6000	0	90	1	1	1	1	0	0	2		100	1		-1	-1	80	突进到目标身前,对敌方单个目标造成100%角色物攻+120点物理伤害。
212	刺客暗影步	9	1	0	109	2	170		0	0	0	26	6000	0	90	1	1	1	1	0	0	2		100	1		-1	-1	90	突进到目标身前,对敌方单个目标造成100%角色物攻+130点物理伤害。
212	刺客暗影步	10	1	0	109	2	170		0	0	0	28	6000	0	90	1	1	1	1	0	0	2		100	1		-1	-1	100	突进到目标身前,对敌方单个目标造成100%角色物攻+140点物理伤害。
212	刺客暗影步	11	1	0	109	2	170		0	0	0	30	6000	0	90	1	1	1	1	0	0	2		100	1		-1	-1	110	突进到目标身前,对敌方单个目标造成100%角色物攻+150点物理伤害。
212	刺客暗影步	12	1	0	109	2	170		0	0	0	32	6000	0	90	1	1	1	1	0	0	2		100	1		-1	-1	120	突进到目标身前,对敌方单个目标造成100%角色物攻+160点物理伤害。
212	刺客暗影步	13	1	0	109	2	170		0	0	0	34	6000	0	90	1	1	1	1	0	0	2		100	1		-1	-1	130	突进到目标身前,对敌方单个目标造成100%角色物攻+170点物理伤害。
212	刺客暗影步	14	1	0	109	2	170		0	0	0	36	6000	0	90	1	1	1	1	0	0	2		100	1		-1	-1	140	突进到目标身前,对敌方单个目标造成100%角色物攻+180点物理伤害。
212	刺客暗影步	15	1	0	109	2	170		0	0	0	38	6000	0	90	1	1	1	1	0	0	2		100	1		-1	-1	150	突进到目标身前,对敌方单个目标造成100%角色物攻+190点物理伤害。
212	刺客暗影步	16	1	0	109	2	170		0	0	0	40	6000	0	90	1	1	1	1	0	0	2		100	1		-1	-1	160	突进到目标身前,对敌方单个目标造成100%角色物攻+200点物理伤害。
212	刺客暗影步	17	1	0	109	2	170		0	0	0	42	6000	0	90	1	1	1	1	0	0	2		100	1		-1	-1	170	突进到目标身前,对敌方单个目标造成100%角色物攻+210点物理伤害。
212	刺客暗影步	18	1	0	109	2	170		0	0	0	44	6000	0	90	1	1	1	1	0	0	2		100	1		-1	-1	180	突进到目标身前,对敌方单个目标造成100%角色物攻+220点物理伤害。
212	刺客暗影步	19	1	0	109	2	170		0	0	0	46	6000	0	90	1	1	1	1	0	0	2		100	1		-1	-1	190	突进到目标身前,对敌方单个目标造成100%角色物攻+230点物理伤害。
212	刺客暗影步	20	1	0	109	2	170		0	0	0	48	6000	0	90	1	1	1	1	0	0	2		100	1		-1	-1	200	突进到目标身前,对敌方单个目标造成100%角色物攻+240点物理伤害。
213	刺客刀扇	1	1	0	109	2	170		0	0	0	10	8000	0	90	1	1	1	1	0	0	0		100	1		-1	-1	10	对敌方群体目标造成130%角色物攻+50点物理伤害。
213	刺客刀扇	2	1	0	109	2	170		0	0	0	12	8000	0	90	1	1	1	1	0	0	0		100	1		-1	-1	20	对敌方群体目标造成130%角色物攻+60点物理伤害。
213	刺客刀扇	3	1	0	109	2	170		0	0	0	14	8000	0	90	1	1	1	1	0	0	0		100	1		-1	-1	30	对敌方群体目标造成130%角色物攻+70点物理伤害。
213	刺客刀扇	4	1	0	109	2	170		0	0	0	16	8000	0	90	1	1	1	1	0	0	0		100	1		-1	-1	40	对敌方群体目标造成130%角色物攻+80点物理伤害。
213	刺客刀扇	5	1	0	109	2	170		0	0	0	18	8000	0	90	1	1	1	1	0	0	0		100	1		-1	-1	50	对敌方群体目标造成130%角色物攻+90点物理伤害。
213	刺客刀扇	6	1	0	109	2	170		0	0	0	20	8000	0	90	1	1	1	1	0	0	0		100	1		-1	-1	60	对敌方群体目标造成130%角色物攻+100点物理伤害。
213	刺客刀扇	7	1	0	109	2	170		0	0	0	22	8000	0	90	1	1	1	1	0	0	0		100	1		-1	-1	70	对敌方群体目标造成130%角色物攻+110点物理伤害。
213	刺客刀扇	8	1	0	109	2	170		0	0	0	24	8000	0	90	1	1	1	1	0	0	0		100	1		-1	-1	80	对敌方群体目标造成130%角色物攻+120点物理伤害。
213	刺客刀扇	9	1	0	109	2	170		0	0	0	26	8000	0	90	1	1	1	1	0	0	0		100	1		-1	-1	90	对敌方群体目标造成130%角色物攻+130点物理伤害。
213	刺客刀扇	10	1	0	109	2	170		0	0	0	28	8000	0	90	1	1	1	1	0	0	0		100	1		-1	-1	100	对敌方群体目标造成130%角色物攻+140点物理伤害。
213	刺客刀扇	11	1	0	109	2	170		0	0	0	30	8000	0	90	1	1	1	1	0	0	0		100	1		-1	-1	110	对敌方群体目标造成130%角色物攻+150点物理伤害。
213	刺客刀扇	12	1	0	109	2	170		0	0	0	32	8000	0	90	1	1	1	1	0	0	0		100	1		-1	-1	120	对敌方群体目标造成130%角色物攻+160点物理伤害。
213	刺客刀扇	13	1	0	109	2	170		0	0	0	34	8000	0	90	1	1	1	1	0	0	0		100	1		-1	-1	130	对敌方群体目标造成130%角色物攻+170点物理伤害。
213	刺客刀扇	14	1	0	109	2	170		0	0	0	36	8000	0	90	1	1	1	1	0	0	0		100	1		-1	-1	140	对敌方群体目标造成130%角色物攻+180点物理伤害。
213	刺客刀扇	15	1	0	109	2	170		0	0	0	38	8000	0	90	1	1	1	1	0	0	0		100	1		-1	-1	150	对敌方群体目标造成130%角色物攻+190点物理伤害。
213	刺客刀扇	16	1	0	109	2	170		0	0	0	40	8000	0	90	1	1	1	1	0	0	0		100	1		-1	-1	160	对敌方群体目标造成130%角色物攻+200点物理伤害。
213	刺客刀扇	17	1	0	109	2	170		0	0	0	42	8000	0	90	1	1	1	1	0	0	0		100	1		-1	-1	170	对敌方群体目标造成130%角色物攻+210点物理伤害。
213	刺客刀扇	18	1	0	109	2	170		0	0	0	44	8000	0	90	1	1	1	1	0	0	0		100	1		-1	-1	180	对敌方群体目标造成130%角色物攻+220点物理伤害。
213	刺客刀扇	19	1	0	109	2	170		0	0	0	46	8000	0	90	1	1	1	1	0	0	0		100	1		-1	-1	190	对敌方群体目标造成130%角色物攻+230点物理伤害。
213	刺客刀扇	20	1	0	109	2	170		0	0	0	48	8000	0	90	1	1	1	1	0	0	0		100	1		-1	-1	200	对敌方群体目标造成130%角色物攻+240点物理伤害。
216	狂战士闪电斧	1	1	0	109	2	170		0	0	0	10	4000	0	90	1	1	1	1	0	0	0		100	1		-1	-1	10	对敌方单个目标造成80%角色物攻+50点物理伤害。
216	狂战士闪电斧	2	1	0	109	2	170		0	0	0	12	4000	0	90	1	1	1	1	0	0	0		100	1		-1	-1	20	对敌方单个目标造成80%角色物攻+60点物理伤害。
216	狂战士闪电斧	3	1	0	109	2	170		0	0	0	14	4000	0	90	1	1	1	1	0	0	0		100	1		-1	-1	30	对敌方单个目标造成80%角色物攻+70点物理伤害。
216	狂战士闪电斧	4	1	0	109	2	170		0	0	0	16	4000	0	90	1	1	1	1	0	0	0		100	1		-1	-1	40	对敌方单个目标造成80%角色物攻+80点物理伤害。
216	狂战士闪电斧	5	1	0	109	2	170		0	0	0	18	4000	0	90	1	1	1	1	0	0	0		100	1		-1	-1	50	对敌方单个目标造成80%角色物攻+90点物理伤害。
216	狂战士闪电斧	6	1	0	109	2	170		0	0	0	20	4000	0	90	1	1	1	1	0	0	0		100	1		-1	-1	60	对敌方单个目标造成80%角色物攻+100点物理伤害。
216	狂战士闪电斧	7	1	0	109	2	170		0	0	0	22	4000	0	90	1	1	1	1	0	0	0		100	1		-1	-1	70	对敌方单个目标造成80%角色物攻+110点物理伤害。
216	狂战士闪电斧	8	1	0	109	2	170		0	0	0	24	4000	0	90	1	1	1	1	0	0	0		100	1		-1	-1	80	对敌方单个目标造成80%角色物攻+120点物理伤害。
216	狂战士闪电斧	9	1	0	109	2	170		0	0	0	26	4000	0	90	1	1	1	1	0	0	0		100	1		-1	-1	90	对敌方单个目标造成80%角色物攻+130点物理伤害。
216	狂战士闪电斧	10	1	0	109	2	170		0	0	0	28	4000	0	90	1	1	1	1	0	0	0		100	1		-1	-1	100	对敌方单个目标造成80%角色物攻+140点物理伤害。
216	狂战士闪电斧	11	1	0	109	2	170		0	0	0	30	4000	0	90	1	1	1	1	0	0	0		100	1		-1	-1	110	对敌方单个目标造成80%角色物攻+150点物理伤害。
216	狂战士闪电斧	12	1	0	109	2	170		0	0	0	32	4000	0	90	1	1	1	1	0	0	0		100	1		-1	-1	120	对敌方单个目标造成80%角色物攻+160点物理伤害。
216	狂战士闪电斧	13	1	0	109	2	170		0	0	0	34	4000	0	90	1	1	1	1	0	0	0		100	1		-1	-1	130	对敌方单个目标造成80%角色物攻+170点物理伤害。
216	狂战士闪电斧	14	1	0	109	2	170		0	0	0	36	4000	0	90	1	1	1	1	0	0	0		100	1		-1	-1	140	对敌方单个目标造成80%角色物攻+180点物理伤害。
216	狂战士闪电斧	15	1	0	109	2	170		0	0	0	38	4000	0	90	1	1	1	1	0	0	0		100	1		-1	-1	150	对敌方单个目标造成80%角色物攻+190点物理伤害。
216	狂战士闪电斧	16	1	0	109	2	170		0	0	0	40	4000	0	90	1	1	1	1	0	0	0		100	1		-1	-1	160	对敌方单个目标造成80%角色物攻+200点物理伤害。
216	狂战士闪电斧	17	1	0	109	2	170		0	0	0	42	4000	0	90	1	1	1	1	0	0	0		100	1		-1	-1	170	对敌方单个目标造成80%角色物攻+210点物理伤害。
216	狂战士闪电斧	18	1	0	109	2	170		0	0	0	44	4000	0	90	1	1	1	1	0	0	0		100	1		-1	-1	180	对敌方单个目标造成80%角色物攻+220点物理伤害。
216	狂战士闪电斧	19	1	0	109	2	170		0	0	0	46	4000	0	90	1	1	1	1	0	0	0		100	1		-1	-1	190	对敌方单个目标造成80%角色物攻+230点物理伤害。
216	狂战士闪电斧	20	1	0	109	2	170		0	0	0	48	4000	0	90	1	1	1	1	0	0	0		100	1		-1	-1	200	对敌方单个目标造成80%角色物攻+240点物理伤害。
217	狂战士碎石击	1	1	0	109	2	170		0	0	0	10	6000	0	90	1	1	1	1	0	0	0		100	1		-1	-1	10	对敌方单个目标造成100%角色物攻+50点物理伤害。并使5
217	狂战士碎石击	2	1	0	109	2	170		0	0	0	12	6000	0	90	1	1	1	1	0	0	0		100	1		-1	-1	20	对敌方单个目标造成100%角色物攻+60点物理伤害。并使5
217	狂战士碎石击	3	1	0	109	2	170		0	0	0	14	6000	0	90	1	1	1	1	0	0	0		100	1		-1	-1	30	对敌方单个目标造成100%角色物攻+70点物理伤害。并使5
217	狂战士碎石击	4	1	0	109	2	170		0	0	0	16	6000	0	90	1	1	1	1	0	0	0		100	1		-1	-1	40	对敌方单个目标造成100%角色物攻+80点物理伤害。并使5
217	狂战士碎石击	5	1	0	109	2	170		0	0	0	18	6000	0	90	1	1	1	1	0	0	0		100	1		-1	-1	50	对敌方单个目标造成100%角色物攻+90点物理伤害。并使5
217	狂战士碎石击	6	1	0	109	2	170		0	0	0	20	6000	0	90	1	1	1	1	0	0	0		100	1		-1	-1	60	对敌方单个目标造成100%角色物攻+100点物理伤害。并使5
217	狂战士碎石击	7	1	0	109	2	170		0	0	0	22	6000	0	90	1	1	1	1	0	0	0		100	1		-1	-1	70	对敌方单个目标造成100%角色物攻+110点物理伤害。并使5
217	狂战士碎石击	8	1	0	109	2	170		0	0	0	24	6000	0	90	1	1	1	1	0	0	0		100	1		-1	-1	80	对敌方单个目标造成100%角色物攻+120点物理伤害。并使5
217	狂战士碎石击	9	1	0	109	2	170		0	0	0	26	6000	0	90	1	1	1	1	0	0	0		100	1		-1	-1	90	对敌方单个目标造成100%角色物攻+130点物理伤害。并使5
217	狂战士碎石击	10	1	0	109	2	170		0	0	0	28	6000	0	90	1	1	1	1	0	0	0		100	1		-1	-1	100	对敌方单个目标造成100%角色物攻+140点物理伤害。并使5
217	狂战士碎石击	11	1	0	109	2	170		0	0	0	30	6000	0	90	1	1	1	1	0	0	0		100	1		-1	-1	110	对敌方单个目标造成100%角色物攻+150点物理伤害。并使5
217	狂战士碎石击	12	1	0	109	2	170		0	0	0	32	6000	0	90	1	1	1	1	0	0	0		100	1		-1	-1	120	对敌方单个目标造成100%角色物攻+160点物理伤害。并使5
217	狂战士碎石击	13	1	0	109	2	170		0	0	0	34	6000	0	90	1	1	1	1	0	0	0		100	1		-1	-1	130	对敌方单个目标造成100%角色物攻+170点物理伤害。并使5
217	狂战士碎石击	14	1	0	109	2	170		0	0	0	36	6000	0	90	1	1	1	1	0	0	0		100	1		-1	-1	140	对敌方单个目标造成100%角色物攻+180点物理伤害。并使5
217	狂战士碎石击	15	1	0	109	2	170		0	0	0	38	6000	0	90	1	1	1	1	0	0	0		100	1		-1	-1	150	对敌方单个目标造成100%角色物攻+190点物理伤害。并使5
217	狂战士碎石击	16	1	0	109	2	170		0	0	0	40	6000	0	90	1	1	1	1	0	0	0		100	1		-1	-1	160	对敌方单个目标造成100%角色物攻+200点物理伤害。并使5
217	狂战士碎石击	17	1	0	109	2	170		0	0	0	42	6000	0	90	1	1	1	1	0	0	0		100	1		-1	-1	170	对敌方单个目标造成100%角色物攻+210点物理伤害。并使5
217	狂战士碎石击	18	1	0	109	2	170		0	0	0	44	6000	0	90	1	1	1	1	0	0	0		100	1		-1	-1	180	对敌方单个目标造成100%角色物攻+220点物理伤害。并使5
217	狂战士碎石击	19	1	0	109	2	170		0	0	0	46	6000	0	90	1	1	1	1	0	0	0		100	1		-1	-1	190	对敌方单个目标造成100%角色物攻+230点物理伤害。并使5
217	狂战士碎石击	20	1	0	109	2	170		0	0	0	48	6000	0	90	1	1	1	1	0	0	0		100	1		-1	-1	200	对敌方单个目标造成100%角色物攻+240点物理伤害。并使5
218	狂战士狂风斩	1	1	0	109	2	170		0	0	0	10	8000	0	90	1	1	1	1	0	0	0		100	1		-1	-1	10	对敌方群体目标造成130%角色物攻+50点物理伤害。
218	狂战士狂风斩	2	1	0	109	2	170		0	0	0	12	8000	0	90	1	1	1	1	0	0	0		100	1		-1	-1	20	对敌方群体目标造成130%角色物攻+60点物理伤害。
218	狂战士狂风斩	3	1	0	109	2	170		0	0	0	14	8000	0	90	1	1	1	1	0	0	0		100	1		-1	-1	30	对敌方群体目标造成130%角色物攻+70点物理伤害。
218	狂战士狂风斩	4	1	0	109	2	170		0	0	0	16	8000	0	90	1	1	1	1	0	0	0		100	1		-1	-1	40	对敌方群体目标造成130%角色物攻+80点物理伤害。
218	狂战士狂风斩	5	1	0	109	2	170		0	0	0	18	8000	0	90	1	1	1	1	0	0	0		100	1		-1	-1	50	对敌方群体目标造成130%角色物攻+90点物理伤害。
218	狂战士狂风斩	6	1	0	109	2	170		0	0	0	20	8000	0	90	1	1	1	1	0	0	0		100	1		-1	-1	60	对敌方群体目标造成130%角色物攻+100点物理伤害。
218	狂战士狂风斩	7	1	0	109	2	170		0	0	0	22	8000	0	90	1	1	1	1	0	0	0		100	1		-1	-1	70	对敌方群体目标造成130%角色物攻+110点物理伤害。
218	狂战士狂风斩	8	1	0	109	2	170		0	0	0	24	8000	0	90	1	1	1	1	0	0	0		100	1		-1	-1	80	对敌方群体目标造成130%角色物攻+120点物理伤害。
218	狂战士狂风斩	9	1	0	109	2	170		0	0	0	26	8000	0	90	1	1	1	1	0	0	0		100	1		-1	-1	90	对敌方群体目标造成130%角色物攻+130点物理伤害。
218	狂战士狂风斩	10	1	0	109	2	170		0	0	0	28	8000	0	90	1	1	1	1	0	0	0		100	1		-1	-1	100	对敌方群体目标造成130%角色物攻+140点物理伤害。
218	狂战士狂风斩	11	1	0	109	2	170		0	0	0	30	8000	0	90	1	1	1	1	0	0	0		100	1		-1	-1	110	对敌方群体目标造成130%角色物攻+150点物理伤害。
218	狂战士狂风斩	12	1	0	109	2	170		0	0	0	32	8000	0	90	1	1	1	1	0	0	0		100	1		-1	-1	120	对敌方群体目标造成130%角色物攻+160点物理伤害。
218	狂战士狂风斩	13	1	0	109	2	170		0	0	0	34	8000	0	90	1	1	1	1	0	0	0		100	1		-1	-1	130	对敌方群体目标造成130%角色物攻+170点物理伤害。
218	狂战士狂风斩	14	1	0	109	2	170		0	0	0	36	8000	0	90	1	1	1	1	0	0	0		100	1		-1	-1	140	对敌方群体目标造成130%角色物攻+180点物理伤害。
218	狂战士狂风斩	15	1	0	109	2	170		0	0	0	38	8000	0	90	1	1	1	1	0	0	0		100	1		-1	-1	150	对敌方群体目标造成130%角色物攻+190点物理伤害。
218	狂战士狂风斩	16	1	0	109	2	170		0	0	0	40	8000	0	90	1	1	1	1	0	0	0		100	1		-1	-1	160	对敌方群体目标造成130%角色物攻+200点物理伤害。
218	狂战士狂风斩	17	1	0	109	2	170		0	0	0	42	8000	0	90	1	1	1	1	0	0	0		100	1		-1	-1	170	对敌方群体目标造成130%角色物攻+210点物理伤害。
218	狂战士狂风斩	18	1	0	109	2	170		0	0	0	44	8000	0	90	1	1	1	1	0	0	0		100	1		-1	-1	180	对敌方群体目标造成130%角色物攻+220点物理伤害。
218	狂战士狂风斩	19	1	0	109	2	170		0	0	0	46	8000	0	90	1	1	1	1	0	0	0		100	1		-1	-1	190	对敌方群体目标造成130%角色物攻+230点物理伤害。
218	狂战士狂风斩	20	1	0	109	2	170		0	0	0	48	8000	0	90	1	1	1	1	0	0	0		100	1		-1	-1	200	对敌方群体目标造成130%角色物攻+240点物理伤害。
221	牛头人英勇打击	1	1	0	109	2	170		0	0	0	10	4000	0	90	1	1	1	1	0	0	0		100	1		-1	-1	10	对敌方单个目标造成80%角色物攻+50点物理伤害。并使0
221	牛头人英勇打击	2	1	0	109	2	170		0	0	0	12	4000	0	90	1	1	1	1	0	0	0		100	1		-1	-1	20	对敌方单个目标造成80%角色物攻+60点物理伤害。并使0
221	牛头人英勇打击	3	1	0	109	2	170		0	0	0	14	4000	0	90	1	1	1	1	0	0	0		100	1		-1	-1	30	对敌方单个目标造成80%角色物攻+70点物理伤害。并使0
221	牛头人英勇打击	4	1	0	109	2	170		0	0	0	16	4000	0	90	1	1	1	1	0	0	0		100	1		-1	-1	40	对敌方单个目标造成80%角色物攻+80点物理伤害。并使0
221	牛头人英勇打击	5	1	0	109	2	170		0	0	0	18	4000	0	90	1	1	1	1	0	0	0		100	1		-1	-1	50	对敌方单个目标造成80%角色物攻+90点物理伤害。并使0
221	牛头人英勇打击	6	1	0	109	2	170		0	0	0	20	4000	0	90	1	1	1	1	0	0	0		100	1		-1	-1	60	对敌方单个目标造成80%角色物攻+100点物理伤害。并使0
221	牛头人英勇打击	7	1	0	109	2	170		0	0	0	22	4000	0	90	1	1	1	1	0	0	0		100	1		-1	-1	70	对敌方单个目标造成80%角色物攻+110点物理伤害。并使0
221	牛头人英勇打击	8	1	0	109	2	170		0	0	0	24	4000	0	90	1	1	1	1	0	0	0		100	1		-1	-1	80	对敌方单个目标造成80%角色物攻+120点物理伤害。并使0
221	牛头人英勇打击	9	1	0	109	2	170		0	0	0	26	4000	0	90	1	1	1	1	0	0	0		100	1		-1	-1	90	对敌方单个目标造成80%角色物攻+130点物理伤害。并使0
221	牛头人英勇打击	10	1	0	109	2	170		0	0	0	28	4000	0	90	1	1	1	1	0	0	0		100	1		-1	-1	100	对敌方单个目标造成80%角色物攻+140点物理伤害。并使0
221	牛头人英勇打击	11	1	0	109	2	170		0	0	0	30	4000	0	90	1	1	1	1	0	0	0		100	1		-1	-1	110	对敌方单个目标造成80%角色物攻+150点物理伤害。并使0
221	牛头人英勇打击	12	1	0	109	2	170		0	0	0	32	4000	0	90	1	1	1	1	0	0	0		100	1		-1	-1	120	对敌方单个目标造成80%角色物攻+160点物理伤害。并使0
221	牛头人英勇打击	13	1	0	109	2	170		0	0	0	34	4000	0	90	1	1	1	1	0	0	0		100	1		-1	-1	130	对敌方单个目标造成80%角色物攻+170点物理伤害。并使0
221	牛头人英勇打击	14	1	0	109	2	170		0	0	0	36	4000	0	90	1	1	1	1	0	0	0		100	1		-1	-1	140	对敌方单个目标造成80%角色物攻+180点物理伤害。并使0
221	牛头人英勇打击	15	1	0	109	2	170		0	0	0	38	4000	0	90	1	1	1	1	0	0	0		100	1		-1	-1	150	对敌方单个目标造成80%角色物攻+190点物理伤害。并使0
221	牛头人英勇打击	16	1	0	109	2	170		0	0	0	40	4000	0	90	1	1	1	1	0	0	0		100	1		-1	-1	160	对敌方单个目标造成80%角色物攻+200点物理伤害。并使0
221	牛头人英勇打击	17	1	0	109	2	170		0	0	0	42	4000	0	90	1	1	1	1	0	0	0		100	1		-1	-1	170	对敌方单个目标造成80%角色物攻+210点物理伤害。并使0
221	牛头人英勇打击	18	1	0	109	2	170		0	0	0	44	4000	0	90	1	1	1	1	0	0	0		100	1		-1	-1	180	对敌方单个目标造成80%角色物攻+220点物理伤害。并使0
221	牛头人英勇打击	19	1	0	109	2	170		0	0	0	46	4000	0	90	1	1	1	1	0	0	0		100	1		-1	-1	190	对敌方单个目标造成80%角色物攻+230点物理伤害。并使0
221	牛头人英勇打击	20	1	0	109	2	170		0	0	0	48	4000	0	90	1	1	1	1	0	0	0		100	1		-1	-1	200	对敌方单个目标造成80%角色物攻+240点物理伤害。并使0
222	牛头人冲击波	1	1	0	109	2	170		0	0	0	10	6000	0	90	1	1	1	1	0	0	0		100	1		-1	-1	10	对敌方群体目标造成100%角色物攻+50点物理伤害。
222	牛头人冲击波	2	1	0	109	2	170		0	0	0	12	6000	0	90	1	1	1	1	0	0	0		100	1		-1	-1	20	对敌方群体目标造成100%角色物攻+60点物理伤害。
222	牛头人冲击波	3	1	0	109	2	170		0	0	0	14	6000	0	90	1	1	1	1	0	0	0		100	1		-1	-1	30	对敌方群体目标造成100%角色物攻+70点物理伤害。
222	牛头人冲击波	4	1	0	109	2	170		0	0	0	16	6000	0	90	1	1	1	1	0	0	0		100	1		-1	-1	40	对敌方群体目标造成100%角色物攻+80点物理伤害。
222	牛头人冲击波	5	1	0	109	2	170		0	0	0	18	6000	0	90	1	1	1	1	0	0	0		100	1		-1	-1	50	对敌方群体目标造成100%角色物攻+90点物理伤害。
222	牛头人冲击波	6	1	0	109	2	170		0	0	0	20	6000	0	90	1	1	1	1	0	0	0		100	1		-1	-1	60	对敌方群体目标造成100%角色物攻+100点物理伤害。
222	牛头人冲击波	7	1	0	109	2	170		0	0	0	22	6000	0	90	1	1	1	1	0	0	0		100	1		-1	-1	70	对敌方群体目标造成100%角色物攻+110点物理伤害。
222	牛头人冲击波	8	1	0	109	2	170		0	0	0	24	6000	0	90	1	1	1	1	0	0	0		100	1		-1	-1	80	对敌方群体目标造成100%角色物攻+120点物理伤害。
222	牛头人冲击波	9	1	0	109	2	170		0	0	0	26	6000	0	90	1	1	1	1	0	0	0		100	1		-1	-1	90	对敌方群体目标造成100%角色物攻+130点物理伤害。
222	牛头人冲击波	10	1	0	109	2	170		0	0	0	28	6000	0	90	1	1	1	1	0	0	0		100	1		-1	-1	100	对敌方群体目标造成100%角色物攻+140点物理伤害。
222	牛头人冲击波	11	1	0	109	2	170		0	0	0	30	6000	0	90	1	1	1	1	0	0	0		100	1		-1	-1	110	对敌方群体目标造成100%角色物攻+150点物理伤害。
222	牛头人冲击波	12	1	0	109	2	170		0	0	0	32	6000	0	90	1	1	1	1	0	0	0		100	1		-1	-1	120	对敌方群体目标造成100%角色物攻+160点物理伤害。
222	牛头人冲击波	13	1	0	109	2	170		0	0	0	34	6000	0	90	1	1	1	1	0	0	0		100	1		-1	-1	130	对敌方群体目标造成100%角色物攻+170点物理伤害。
222	牛头人冲击波	14	1	0	109	2	170		0	0	0	36	6000	0	90	1	1	1	1	0	0	0		100	1		-1	-1	140	对敌方群体目标造成100%角色物攻+180点物理伤害。
222	牛头人冲击波	15	1	0	109	2	170		0	0	0	38	6000	0	90	1	1	1	1	0	0	0		100	1		-1	-1	150	对敌方群体目标造成100%角色物攻+190点物理伤害。
222	牛头人冲击波	16	1	0	109	2	170		0	0	0	40	6000	0	90	1	1	1	1	0	0	0		100	1		-1	-1	160	对敌方群体目标造成100%角色物攻+200点物理伤害。
222	牛头人冲击波	17	1	0	109	2	170		0	0	0	42	6000	0	90	1	1	1	1	0	0	0		100	1		-1	-1	170	对敌方群体目标造成100%角色物攻+210点物理伤害。
222	牛头人冲击波	18	1	0	109	2	170		0	0	0	44	6000	0	90	1	1	1	1	0	0	0		100	1		-1	-1	180	对敌方群体目标造成100%角色物攻+220点物理伤害。
222	牛头人冲击波	19	1	0	109	2	170		0	0	0	46	6000	0	90	1	1	1	1	0	0	0		100	1		-1	-1	190	对敌方群体目标造成100%角色物攻+230点物理伤害。
222	牛头人冲击波	20	1	0	109	2	170		0	0	0	48	6000	0	90	1	1	1	1	0	0	0		100	1		-1	-1	200	对敌方群体目标造成100%角色物攻+240点物理伤害。
223	牛头人践踏	1	1	0	109	2	170		0	0	0	10	8000	0	90	1	1	1	1	0	0	0		100	1		-1	-1	10	对敌方群体目标造成130%角色物攻+50点物理伤害。并使8
223	牛头人践踏	2	1	0	109	2	170		0	0	0	12	8000	0	90	1	1	1	1	0	0	0		100	1		-1	-1	20	对敌方群体目标造成130%角色物攻+60点物理伤害。并使8
223	牛头人践踏	3	1	0	109	2	170		0	0	0	14	8000	0	90	1	1	1	1	0	0	0		100	1		-1	-1	30	对敌方群体目标造成130%角色物攻+70点物理伤害。并使8
223	牛头人践踏	4	1	0	109	2	170		0	0	0	16	8000	0	90	1	1	1	1	0	0	0		100	1		-1	-1	40	对敌方群体目标造成130%角色物攻+80点物理伤害。并使8
223	牛头人践踏	5	1	0	109	2	170		0	0	0	18	8000	0	90	1	1	1	1	0	0	0		100	1		-1	-1	50	对敌方群体目标造成130%角色物攻+90点物理伤害。并使8
223	牛头人践踏	6	1	0	109	2	170		0	0	0	20	8000	0	90	1	1	1	1	0	0	0		100	1		-1	-1	60	对敌方群体目标造成130%角色物攻+100点物理伤害。并使8
223	牛头人践踏	7	1	0	109	2	170		0	0	0	22	8000	0	90	1	1	1	1	0	0	0		100	1		-1	-1	70	对敌方群体目标造成130%角色物攻+110点物理伤害。并使8
223	牛头人践踏	8	1	0	109	2	170		0	0	0	24	8000	0	90	1	1	1	1	0	0	0		100	1		-1	-1	80	对敌方群体目标造成130%角色物攻+120点物理伤害。并使8
223	牛头人践踏	9	1	0	109	2	170		0	0	0	26	8000	0	90	1	1	1	1	0	0	0		100	1		-1	-1	90	对敌方群体目标造成130%角色物攻+130点物理伤害。并使8
223	牛头人践踏	10	1	0	109	2	170		0	0	0	28	8000	0	90	1	1	1	1	0	0	0		100	1		-1	-1	100	对敌方群体目标造成130%角色物攻+140点物理伤害。并使8
223	牛头人践踏	11	1	0	109	2	170		0	0	0	30	8000	0	90	1	1	1	1	0	0	0		100	1		-1	-1	110	对敌方群体目标造成130%角色物攻+150点物理伤害。并使8
223	牛头人践踏	12	1	0	109	2	170		0	0	0	32	8000	0	90	1	1	1	1	0	0	0		100	1		-1	-1	120	对敌方群体目标造成130%角色物攻+160点物理伤害。并使8
223	牛头人践踏	13	1	0	109	2	170		0	0	0	34	8000	0	90	1	1	1	1	0	0	0		100	1		-1	-1	130	对敌方群体目标造成130%角色物攻+170点物理伤害。并使8
223	牛头人践踏	14	1	0	109	2	170		0	0	0	36	8000	0	90	1	1	1	1	0	0	0		100	1		-1	-1	140	对敌方群体目标造成130%角色物攻+180点物理伤害。并使8
223	牛头人践踏	15	1	0	109	2	170		0	0	0	38	8000	0	90	1	1	1	1	0	0	0		100	1		-1	-1	150	对敌方群体目标造成130%角色物攻+190点物理伤害。并使8
223	牛头人践踏	16	1	0	109	2	170		0	0	0	40	8000	0	90	1	1	1	1	0	0	0		100	1		-1	-1	160	对敌方群体目标造成130%角色物攻+200点物理伤害。并使8
223	牛头人践踏	17	1	0	109	2	170		0	0	0	42	8000	0	90	1	1	1	1	0	0	0		100	1		-1	-1	170	对敌方群体目标造成130%角色物攻+210点物理伤害。并使8
223	牛头人践踏	18	1	0	109	2	170		0	0	0	44	8000	0	90	1	1	1	1	0	0	0		100	1		-1	-1	180	对敌方群体目标造成130%角色物攻+220点物理伤害。并使8
223	牛头人践踏	19	1	0	109	2	170		0	0	0	46	8000	0	90	1	1	1	1	0	0	0		100	1		-1	-1	190	对敌方群体目标造成130%角色物攻+230点物理伤害。并使8
223	牛头人践踏	20	1	0	109	2	170		0	0	0	48	8000	0	90	1	1	1	1	0	0	0		100	1		-1	-1	200	对敌方群体目标造成130%角色物攻+240点物理伤害。并使8
226	不祥之刃突进	1	1	0	109	2	170		0	0	0	10	4000	0	90	1	1	1	1	0	0	2		100	1		-1	-1	10	突进到目标身前,对敌方单个目标造成80%角色物攻+50点物理伤害。
226	不祥之刃突进	2	1	0	109	2	170		0	0	0	12	4000	0	90	1	1	1	1	0	0	2		100	1		-1	-1	20	突进到目标身前,对敌方单个目标造成80%角色物攻+60点物理伤害。
226	不祥之刃突进	3	1	0	109	2	170		0	0	0	14	4000	0	90	1	1	1	1	0	0	2		100	1		-1	-1	30	突进到目标身前,对敌方单个目标造成80%角色物攻+70点物理伤害。
226	不祥之刃突进	4	1	0	109	2	170		0	0	0	16	4000	0	90	1	1	1	1	0	0	2		100	1		-1	-1	40	突进到目标身前,对敌方单个目标造成80%角色物攻+80点物理伤害。
226	不祥之刃突进	5	1	0	109	2	170		0	0	0	18	4000	0	90	1	1	1	1	0	0	2		100	1		-1	-1	50	突进到目标身前,对敌方单个目标造成80%角色物攻+90点物理伤害。
226	不祥之刃突进	6	1	0	109	2	170		0	0	0	20	4000	0	90	1	1	1	1	0	0	2		100	1		-1	-1	60	突进到目标身前,对敌方单个目标造成80%角色物攻+100点物理伤害。
226	不祥之刃突进	7	1	0	109	2	170		0	0	0	22	4000	0	90	1	1	1	1	0	0	2		100	1		-1	-1	70	突进到目标身前,对敌方单个目标造成80%角色物攻+110点物理伤害。
226	不祥之刃突进	8	1	0	109	2	170		0	0	0	24	4000	0	90	1	1	1	1	0	0	2		100	1		-1	-1	80	突进到目标身前,对敌方单个目标造成80%角色物攻+120点物理伤害。
226	不祥之刃突进	9	1	0	109	2	170		0	0	0	26	4000	0	90	1	1	1	1	0	0	2		100	1		-1	-1	90	突进到目标身前,对敌方单个目标造成80%角色物攻+130点物理伤害。
226	不祥之刃突进	10	1	0	109	2	170		0	0	0	28	4000	0	90	1	1	1	1	0	0	2		100	1		-1	-1	100	突进到目标身前,对敌方单个目标造成80%角色物攻+140点物理伤害。
226	不祥之刃突进	11	1	0	109	2	170		0	0	0	30	4000	0	90	1	1	1	1	0	0	2		100	1		-1	-1	110	突进到目标身前,对敌方单个目标造成80%角色物攻+150点物理伤害。
226	不祥之刃突进	12	1	0	109	2	170		0	0	0	32	4000	0	90	1	1	1	1	0	0	2		100	1		-1	-1	120	突进到目标身前,对敌方单个目标造成80%角色物攻+160点物理伤害。
226	不祥之刃突进	13	1	0	109	2	170		0	0	0	34	4000	0	90	1	1	1	1	0	0	2		100	1		-1	-1	130	突进到目标身前,对敌方单个目标造成80%角色物攻+170点物理伤害。
226	不祥之刃突进	14	1	0	109	2	170		0	0	0	36	4000	0	90	1	1	1	1	0	0	2		100	1		-1	-1	140	突进到目标身前,对敌方单个目标造成80%角色物攻+180点物理伤害。
226	不祥之刃突进	15	1	0	109	2	170		0	0	0	38	4000	0	90	1	1	1	1	0	0	2		100	1		-1	-1	150	突进到目标身前,对敌方单个目标造成80%角色物攻+190点物理伤害。
226	不祥之刃突进	16	1	0	109	2	170		0	0	0	40	4000	0	90	1	1	1	1	0	0	2		100	1		-1	-1	160	突进到目标身前,对敌方单个目标造成80%角色物攻+200点物理伤害。
226	不祥之刃突进	17	1	0	109	2	170		0	0	0	42	4000	0	90	1	1	1	1	0	0	2		100	1		-1	-1	170	突进到目标身前,对敌方单个目标造成80%角色物攻+210点物理伤害。
226	不祥之刃突进	18	1	0	109	2	170		0	0	0	44	4000	0	90	1	1	1	1	0	0	2		100	1		-1	-1	180	突进到目标身前,对敌方单个目标造成80%角色物攻+220点物理伤害。
226	不祥之刃突进	19	1	0	109	2	170		0	0	0	46	4000	0	90	1	1	1	1	0	0	2		100	1		-1	-1	190	突进到目标身前,对敌方单个目标造成80%角色物攻+230点物理伤害。
226	不祥之刃突进	20	1	0	109	2	170		0	0	0	48	4000	0	90	1	1	1	1	0	0	2		100	1		-1	-1	200	突进到目标身前,对敌方单个目标造成80%角色物攻+240点物理伤害。
227	不祥之刃致命一击	1	1	0	109	2	170		0	0	0	10	6000	0	90	1	1	1	1	0	0	0		100	1		-1	-1	10	技能暴击提高2000点，对敌方单个目标造成100%角色物攻+50点物理伤害。
227	不祥之刃致命一击	2	1	0	109	2	170		0	0	0	12	6000	0	90	1	1	1	1	0	0	0		100	1		-1	-1	20	技能暴击提高2000点，对敌方单个目标造成100%角色物攻+60点物理伤害。
227	不祥之刃致命一击	3	1	0	109	2	170		0	0	0	14	6000	0	90	1	1	1	1	0	0	0		100	1		-1	-1	30	技能暴击提高2000点，对敌方单个目标造成100%角色物攻+70点物理伤害。
227	不祥之刃致命一击	4	1	0	109	2	170		0	0	0	16	6000	0	90	1	1	1	1	0	0	0		100	1		-1	-1	40	技能暴击提高2000点，对敌方单个目标造成100%角色物攻+80点物理伤害。
227	不祥之刃致命一击	5	1	0	109	2	170		0	0	0	18	6000	0	90	1	1	1	1	0	0	0		100	1		-1	-1	50	技能暴击提高2000点，对敌方单个目标造成100%角色物攻+90点物理伤害。
227	不祥之刃致命一击	6	1	0	109	2	170		0	0	0	20	6000	0	90	1	1	1	1	0	0	0		100	1		-1	-1	60	技能暴击提高2000点，对敌方单个目标造成100%角色物攻+100点物理伤害。
227	不祥之刃致命一击	7	1	0	109	2	170		0	0	0	22	6000	0	90	1	1	1	1	0	0	0		100	1		-1	-1	70	技能暴击提高2000点，对敌方单个目标造成100%角色物攻+110点物理伤害。
227	不祥之刃致命一击	8	1	0	109	2	170		0	0	0	24	6000	0	90	1	1	1	1	0	0	0		100	1		-1	-1	80	技能暴击提高2000点，对敌方单个目标造成100%角色物攻+120点物理伤害。
227	不祥之刃致命一击	9	1	0	109	2	170		0	0	0	26	6000	0	90	1	1	1	1	0	0	0		100	1		-1	-1	90	技能暴击提高2000点，对敌方单个目标造成100%角色物攻+130点物理伤害。
227	不祥之刃致命一击	10	1	0	109	2	170		0	0	0	28	6000	0	90	1	1	1	1	0	0	0		100	1		-1	-1	100	技能暴击提高2000点，对敌方单个目标造成100%角色物攻+140点物理伤害。
227	不祥之刃致命一击	11	1	0	109	2	170		0	0	0	30	6000	0	90	1	1	1	1	0	0	0		100	1		-1	-1	110	技能暴击提高2000点，对敌方单个目标造成100%角色物攻+150点物理伤害。
227	不祥之刃致命一击	12	1	0	109	2	170		0	0	0	32	6000	0	90	1	1	1	1	0	0	0		100	1		-1	-1	120	技能暴击提高2000点，对敌方单个目标造成100%角色物攻+160点物理伤害。
227	不祥之刃致命一击	13	1	0	109	2	170		0	0	0	34	6000	0	90	1	1	1	1	0	0	0		100	1		-1	-1	130	技能暴击提高2000点，对敌方单个目标造成100%角色物攻+170点物理伤害。
227	不祥之刃致命一击	14	1	0	109	2	170		0	0	0	36	6000	0	90	1	1	1	1	0	0	0		100	1		-1	-1	140	技能暴击提高2000点，对敌方单个目标造成100%角色物攻+180点物理伤害。
227	不祥之刃致命一击	15	1	0	109	2	170		0	0	0	38	6000	0	90	1	1	1	1	0	0	0		100	1		-1	-1	150	技能暴击提高2000点，对敌方单个目标造成100%角色物攻+190点物理伤害。
227	不祥之刃致命一击	16	1	0	109	2	170		0	0	0	40	6000	0	90	1	1	1	1	0	0	0		100	1		-1	-1	160	技能暴击提高2000点，对敌方单个目标造成100%角色物攻+200点物理伤害。
227	不祥之刃致命一击	17	1	0	109	2	170		0	0	0	42	6000	0	90	1	1	1	1	0	0	0		100	1		-1	-1	170	技能暴击提高2000点，对敌方单个目标造成100%角色物攻+210点物理伤害。
227	不祥之刃致命一击	18	1	0	109	2	170		0	0	0	44	6000	0	90	1	1	1	1	0	0	0		100	1		-1	-1	180	技能暴击提高2000点，对敌方单个目标造成100%角色物攻+220点物理伤害。
227	不祥之刃致命一击	19	1	0	109	2	170		0	0	0	46	6000	0	90	1	1	1	1	0	0	0		100	1		-1	-1	190	技能暴击提高2000点，对敌方单个目标造成100%角色物攻+230点物理伤害。
227	不祥之刃致命一击	20	1	0	109	2	170		0	0	0	48	6000	0	90	1	1	1	1	0	0	0		100	1		-1	-1	200	技能暴击提高2000点，对敌方单个目标造成100%角色物攻+240点物理伤害。
228	不祥之刃剑刃乱舞	1	1	0	109	2	170		0	0	0	10	8000	0	90	1	1	1	1	0	0	0		100	1		-1	-1	10	对敌方群体目标造成130%角色物攻+50点物理伤害。并使13
228	不祥之刃剑刃乱舞	2	1	0	109	2	170		0	0	0	12	8000	0	90	1	1	1	1	0	0	0		100	1		-1	-1	20	对敌方群体目标造成130%角色物攻+60点物理伤害。并使13
228	不祥之刃剑刃乱舞	3	1	0	109	2	170		0	0	0	14	8000	0	90	1	1	1	1	0	0	0		100	1		-1	-1	30	对敌方群体目标造成130%角色物攻+70点物理伤害。并使13
228	不祥之刃剑刃乱舞	4	1	0	109	2	170		0	0	0	16	8000	0	90	1	1	1	1	0	0	0		100	1		-1	-1	40	对敌方群体目标造成130%角色物攻+80点物理伤害。并使13
228	不祥之刃剑刃乱舞	5	1	0	109	2	170		0	0	0	18	8000	0	90	1	1	1	1	0	0	0		100	1		-1	-1	50	对敌方群体目标造成130%角色物攻+90点物理伤害。并使13
228	不祥之刃剑刃乱舞	6	1	0	109	2	170		0	0	0	20	8000	0	90	1	1	1	1	0	0	0		100	1		-1	-1	60	对敌方群体目标造成130%角色物攻+100点物理伤害。并使13
228	不祥之刃剑刃乱舞	7	1	0	109	2	170		0	0	0	22	8000	0	90	1	1	1	1	0	0	0		100	1		-1	-1	70	对敌方群体目标造成130%角色物攻+110点物理伤害。并使13
228	不祥之刃剑刃乱舞	8	1	0	109	2	170		0	0	0	24	8000	0	90	1	1	1	1	0	0	0		100	1		-1	-1	80	对敌方群体目标造成130%角色物攻+120点物理伤害。并使13
228	不祥之刃剑刃乱舞	9	1	0	109	2	170		0	0	0	26	8000	0	90	1	1	1	1	0	0	0		100	1		-1	-1	90	对敌方群体目标造成130%角色物攻+130点物理伤害。并使13
228	不祥之刃剑刃乱舞	10	1	0	109	2	170		0	0	0	28	8000	0	90	1	1	1	1	0	0	0		100	1		-1	-1	100	对敌方群体目标造成130%角色物攻+140点物理伤害。并使13
228	不祥之刃剑刃乱舞	11	1	0	109	2	170		0	0	0	30	8000	0	90	1	1	1	1	0	0	0		100	1		-1	-1	110	对敌方群体目标造成130%角色物攻+150点物理伤害。并使13
228	不祥之刃剑刃乱舞	12	1	0	109	2	170		0	0	0	32	8000	0	90	1	1	1	1	0	0	0		100	1		-1	-1	120	对敌方群体目标造成130%角色物攻+160点物理伤害。并使13
228	不祥之刃剑刃乱舞	13	1	0	109	2	170		0	0	0	34	8000	0	90	1	1	1	1	0	0	0		100	1		-1	-1	130	对敌方群体目标造成130%角色物攻+170点物理伤害。并使13
228	不祥之刃剑刃乱舞	14	1	0	109	2	170		0	0	0	36	8000	0	90	1	1	1	1	0	0	0		100	1		-1	-1	140	对敌方群体目标造成130%角色物攻+180点物理伤害。并使13
228	不祥之刃剑刃乱舞	15	1	0	109	2	170		0	0	0	38	8000	0	90	1	1	1	1	0	0	0		100	1		-1	-1	150	对敌方群体目标造成130%角色物攻+190点物理伤害。并使13
228	不祥之刃剑刃乱舞	16	1	0	109	2	170		0	0	0	40	8000	0	90	1	1	1	1	0	0	0		100	1		-1	-1	160	对敌方群体目标造成130%角色物攻+200点物理伤害。并使13
228	不祥之刃剑刃乱舞	17	1	0	109	2	170		0	0	0	42	8000	0	90	1	1	1	1	0	0	0		100	1		-1	-1	170	对敌方群体目标造成130%角色物攻+210点物理伤害。并使13
228	不祥之刃剑刃乱舞	18	1	0	109	2	170		0	0	0	44	8000	0	90	1	1	1	1	0	0	0		100	1		-1	-1	180	对敌方群体目标造成130%角色物攻+220点物理伤害。并使13
228	不祥之刃剑刃乱舞	19	1	0	109	2	170		0	0	0	46	8000	0	90	1	1	1	1	0	0	0		100	1		-1	-1	190	对敌方群体目标造成130%角色物攻+230点物理伤害。并使13
228	不祥之刃剑刃乱舞	20	1	0	109	2	170		0	0	0	48	8000	0	90	1	1	1	1	0	0	0		100	1		-1	-1	200	对敌方群体目标造成130%角色物攻+240点物理伤害。并使13
231	德玛西亚之力冲锋	1	1	0	109	2	170		0	0	0	10	4000	0	90	1	1	1	1	0	0	0		100	1		-1	-1	10	对敌方单个目标造成80%角色物攻+50点物理伤害。并使0
231	德玛西亚之力冲锋	2	1	0	109	2	170		0	0	0	12	4000	0	90	1	1	1	1	0	0	0		100	1		-1	-1	20	对敌方单个目标造成80%角色物攻+60点物理伤害。并使0
231	德玛西亚之力冲锋	3	1	0	109	2	170		0	0	0	14	4000	0	90	1	1	1	1	0	0	0		100	1		-1	-1	30	对敌方单个目标造成80%角色物攻+70点物理伤害。并使0
231	德玛西亚之力冲锋	4	1	0	109	2	170		0	0	0	16	4000	0	90	1	1	1	1	0	0	0		100	1		-1	-1	40	对敌方单个目标造成80%角色物攻+80点物理伤害。并使0
231	德玛西亚之力冲锋	5	1	0	109	2	170		0	0	0	18	4000	0	90	1	1	1	1	0	0	0		100	1		-1	-1	50	对敌方单个目标造成80%角色物攻+90点物理伤害。并使0
231	德玛西亚之力冲锋	6	1	0	109	2	170		0	0	0	20	4000	0	90	1	1	1	1	0	0	0		100	1		-1	-1	60	对敌方单个目标造成80%角色物攻+100点物理伤害。并使0
231	德玛西亚之力冲锋	7	1	0	109	2	170		0	0	0	22	4000	0	90	1	1	1	1	0	0	0		100	1		-1	-1	70	对敌方单个目标造成80%角色物攻+110点物理伤害。并使0
231	德玛西亚之力冲锋	8	1	0	109	2	170		0	0	0	24	4000	0	90	1	1	1	1	0	0	0		100	1		-1	-1	80	对敌方单个目标造成80%角色物攻+120点物理伤害。并使0
231	德玛西亚之力冲锋	9	1	0	109	2	170		0	0	0	26	4000	0	90	1	1	1	1	0	0	0		100	1		-1	-1	90	对敌方单个目标造成80%角色物攻+130点物理伤害。并使0
231	德玛西亚之力冲锋	10	1	0	109	2	170		0	0	0	28	4000	0	90	1	1	1	1	0	0	0		100	1		-1	-1	100	对敌方单个目标造成80%角色物攻+140点物理伤害。并使0
231	德玛西亚之力冲锋	11	1	0	109	2	170		0	0	0	30	4000	0	90	1	1	1	1	0	0	0		100	1		-1	-1	110	对敌方单个目标造成80%角色物攻+150点物理伤害。并使0
231	德玛西亚之力冲锋	12	1	0	109	2	170		0	0	0	32	4000	0	90	1	1	1	1	0	0	0		100	1		-1	-1	120	对敌方单个目标造成80%角色物攻+160点物理伤害。并使0
231	德玛西亚之力冲锋	13	1	0	109	2	170		0	0	0	34	4000	0	90	1	1	1	1	0	0	0		100	1		-1	-1	130	对敌方单个目标造成80%角色物攻+170点物理伤害。并使0
231	德玛西亚之力冲锋	14	1	0	109	2	170		0	0	0	36	4000	0	90	1	1	1	1	0	0	0		100	1		-1	-1	140	对敌方单个目标造成80%角色物攻+180点物理伤害。并使0
231	德玛西亚之力冲锋	15	1	0	109	2	170		0	0	0	38	4000	0	90	1	1	1	1	0	0	0		100	1		-1	-1	150	对敌方单个目标造成80%角色物攻+190点物理伤害。并使0
231	德玛西亚之力冲锋	16	1	0	109	2	170		0	0	0	40	4000	0	90	1	1	1	1	0	0	0		100	1		-1	-1	160	对敌方单个目标造成80%角色物攻+200点物理伤害。并使0
231	德玛西亚之力冲锋	17	1	0	109	2	170		0	0	0	42	4000	0	90	1	1	1	1	0	0	0		100	1		-1	-1	170	对敌方单个目标造成80%角色物攻+210点物理伤害。并使0
231	德玛西亚之力冲锋	18	1	0	109	2	170		0	0	0	44	4000	0	90	1	1	1	1	0	0	0		100	1		-1	-1	180	对敌方单个目标造成80%角色物攻+220点物理伤害。并使0
231	德玛西亚之力冲锋	19	1	0	109	2	170		0	0	0	46	4000	0	90	1	1	1	1	0	0	0		100	1		-1	-1	190	对敌方单个目标造成80%角色物攻+230点物理伤害。并使0
231	德玛西亚之力冲锋	20	1	0	109	2	170		0	0	0	48	4000	0	90	1	1	1	1	0	0	0		100	1		-1	-1	200	对敌方单个目标造成80%角色物攻+240点物理伤害。并使0
232	德玛西亚之力沉默打击	1	1	0	109	2	170		0	0	0	10	6000	0	90	1	1	1	1	0	0	0		100	1		-1	-1	10	对敌方单个目标造成100%角色物攻+50点物理伤害。并使12
232	德玛西亚之力沉默打击	2	1	0	109	2	170		0	0	0	12	6000	0	90	1	1	1	1	0	0	0		100	1		-1	-1	20	对敌方单个目标造成100%角色物攻+60点物理伤害。并使12
232	德玛西亚之力沉默打击	3	1	0	109	2	170		0	0	0	14	6000	0	90	1	1	1	1	0	0	0		100	1		-1	-1	30	对敌方单个目标造成100%角色物攻+70点物理伤害。并使12
232	德玛西亚之力沉默打击	4	1	0	109	2	170		0	0	0	16	6000	0	90	1	1	1	1	0	0	0		100	1		-1	-1	40	对敌方单个目标造成100%角色物攻+80点物理伤害。并使12
232	德玛西亚之力沉默打击	5	1	0	109	2	170		0	0	0	18	6000	0	90	1	1	1	1	0	0	0		100	1		-1	-1	50	对敌方单个目标造成100%角色物攻+90点物理伤害。并使12
232	德玛西亚之力沉默打击	6	1	0	109	2	170		0	0	0	20	6000	0	90	1	1	1	1	0	0	0		100	1		-1	-1	60	对敌方单个目标造成100%角色物攻+100点物理伤害。并使12
232	德玛西亚之力沉默打击	7	1	0	109	2	170		0	0	0	22	6000	0	90	1	1	1	1	0	0	0		100	1		-1	-1	70	对敌方单个目标造成100%角色物攻+110点物理伤害。并使12
232	德玛西亚之力沉默打击	8	1	0	109	2	170		0	0	0	24	6000	0	90	1	1	1	1	0	0	0		100	1		-1	-1	80	对敌方单个目标造成100%角色物攻+120点物理伤害。并使12
232	德玛西亚之力沉默打击	9	1	0	109	2	170		0	0	0	26	6000	0	90	1	1	1	1	0	0	0		100	1		-1	-1	90	对敌方单个目标造成100%角色物攻+130点物理伤害。并使12
232	德玛西亚之力沉默打击	10	1	0	109	2	170		0	0	0	28	6000	0	90	1	1	1	1	0	0	0		100	1		-1	-1	100	对敌方单个目标造成100%角色物攻+140点物理伤害。并使12
232	德玛西亚之力沉默打击	11	1	0	109	2	170		0	0	0	30	6000	0	90	1	1	1	1	0	0	0		100	1		-1	-1	110	对敌方单个目标造成100%角色物攻+150点物理伤害。并使12
232	德玛西亚之力沉默打击	12	1	0	109	2	170		0	0	0	32	6000	0	90	1	1	1	1	0	0	0		100	1		-1	-1	120	对敌方单个目标造成100%角色物攻+160点物理伤害。并使12
232	德玛西亚之力沉默打击	13	1	0	109	2	170		0	0	0	34	6000	0	90	1	1	1	1	0	0	0		100	1		-1	-1	130	对敌方单个目标造成100%角色物攻+170点物理伤害。并使12
232	德玛西亚之力沉默打击	14	1	0	109	2	170		0	0	0	36	6000	0	90	1	1	1	1	0	0	0		100	1		-1	-1	140	对敌方单个目标造成100%角色物攻+180点物理伤害。并使12
232	德玛西亚之力沉默打击	15	1	0	109	2	170		0	0	0	38	6000	0	90	1	1	1	1	0	0	0		100	1		-1	-1	150	对敌方单个目标造成100%角色物攻+190点物理伤害。并使12
232	德玛西亚之力沉默打击	16	1	0	109	2	170		0	0	0	40	6000	0	90	1	1	1	1	0	0	0		100	1		-1	-1	160	对敌方单个目标造成100%角色物攻+200点物理伤害。并使12
232	德玛西亚之力沉默打击	17	1	0	109	2	170		0	0	0	42	6000	0	90	1	1	1	1	0	0	0		100	1		-1	-1	170	对敌方单个目标造成100%角色物攻+210点物理伤害。并使12
232	德玛西亚之力沉默打击	18	1	0	109	2	170		0	0	0	44	6000	0	90	1	1	1	1	0	0	0		100	1		-1	-1	180	对敌方单个目标造成100%角色物攻+220点物理伤害。并使12
232	德玛西亚之力沉默打击	19	1	0	109	2	170		0	0	0	46	6000	0	90	1	1	1	1	0	0	0		100	1		-1	-1	190	对敌方单个目标造成100%角色物攻+230点物理伤害。并使12
232	德玛西亚之力沉默打击	20	1	0	109	2	170		0	0	0	48	6000	0	90	1	1	1	1	0	0	0		100	1		-1	-1	200	对敌方单个目标造成100%角色物攻+240点物理伤害。并使12
233	德玛西亚之力旋风	1	1	0	109	2	170		0	0	0	10	8000	0	90	1	1	1	1	0	0	0		100	1		-1	-1	10	对敌方群体目标造成130%角色物攻+50点物理伤害。
233	德玛西亚之力旋风	2	1	0	109	2	170		0	0	0	12	8000	0	90	1	1	1	1	0	0	0		100	1		-1	-1	20	对敌方群体目标造成130%角色物攻+60点物理伤害。
233	德玛西亚之力旋风	3	1	0	109	2	170		0	0	0	14	8000	0	90	1	1	1	1	0	0	0		100	1		-1	-1	30	对敌方群体目标造成130%角色物攻+70点物理伤害。
233	德玛西亚之力旋风	4	1	0	109	2	170		0	0	0	16	8000	0	90	1	1	1	1	0	0	0		100	1		-1	-1	40	对敌方群体目标造成130%角色物攻+80点物理伤害。
233	德玛西亚之力旋风	5	1	0	109	2	170		0	0	0	18	8000	0	90	1	1	1	1	0	0	0		100	1		-1	-1	50	对敌方群体目标造成130%角色物攻+90点物理伤害。
233	德玛西亚之力旋风	6	1	0	109	2	170		0	0	0	20	8000	0	90	1	1	1	1	0	0	0		100	1		-1	-1	60	对敌方群体目标造成130%角色物攻+100点物理伤害。
233	德玛西亚之力旋风	7	1	0	109	2	170		0	0	0	22	8000	0	90	1	1	1	1	0	0	0		100	1		-1	-1	70	对敌方群体目标造成130%角色物攻+110点物理伤害。
233	德玛西亚之力旋风	8	1	0	109	2	170		0	0	0	24	8000	0	90	1	1	1	1	0	0	0		100	1		-1	-1	80	对敌方群体目标造成130%角色物攻+120点物理伤害。
233	德玛西亚之力旋风	9	1	0	109	2	170		0	0	0	26	8000	0	90	1	1	1	1	0	0	0		100	1		-1	-1	90	对敌方群体目标造成130%角色物攻+130点物理伤害。
233	德玛西亚之力旋风	10	1	0	109	2	170		0	0	0	28	8000	0	90	1	1	1	1	0	0	0		100	1		-1	-1	100	对敌方群体目标造成130%角色物攻+140点物理伤害。
233	德玛西亚之力旋风	11	1	0	109	2	170		0	0	0	30	8000	0	90	1	1	1	1	0	0	0		100	1		-1	-1	110	对敌方群体目标造成130%角色物攻+150点物理伤害。
233	德玛西亚之力旋风	12	1	0	109	2	170		0	0	0	32	8000	0	90	1	1	1	1	0	0	0		100	1		-1	-1	120	对敌方群体目标造成130%角色物攻+160点物理伤害。
233	德玛西亚之力旋风	13	1	0	109	2	170		0	0	0	34	8000	0	90	1	1	1	1	0	0	0		100	1		-1	-1	130	对敌方群体目标造成130%角色物攻+170点物理伤害。
233	德玛西亚之力旋风	14	1	0	109	2	170		0	0	0	36	8000	0	90	1	1	1	1	0	0	0		100	1		-1	-1	140	对敌方群体目标造成130%角色物攻+180点物理伤害。
233	德玛西亚之力旋风	15	1	0	109	2	170		0	0	0	38	8000	0	90	1	1	1	1	0	0	0		100	1		-1	-1	150	对敌方群体目标造成130%角色物攻+190点物理伤害。
233	德玛西亚之力旋风	16	1	0	109	2	170		0	0	0	40	8000	0	90	1	1	1	1	0	0	0		100	1		-1	-1	160	对敌方群体目标造成130%角色物攻+200点物理伤害。
233	德玛西亚之力旋风	17	1	0	109	2	170		0	0	0	42	8000	0	90	1	1	1	1	0	0	0		100	1		-1	-1	170	对敌方群体目标造成130%角色物攻+210点物理伤害。
233	德玛西亚之力旋风	18	1	0	109	2	170		0	0	0	44	8000	0	90	1	1	1	1	0	0	0		100	1		-1	-1	180	对敌方群体目标造成130%角色物攻+220点物理伤害。
233	德玛西亚之力旋风	19	1	0	109	2	170		0	0	0	46	8000	0	90	1	1	1	1	0	0	0		100	1		-1	-1	190	对敌方群体目标造成130%角色物攻+230点物理伤害。
233	德玛西亚之力旋风	20	1	0	109	2	170		0	0	0	48	8000	0	90	1	1	1	1	0	0	0		100	1		-1	-1	200	对敌方群体目标造成130%角色物攻+240点物理伤害。
236	寒冰射手冰冻箭	1	1	0	109	2	170		0	0	0	10	4000	0	330	1	1	1	1	0	0	0		100	1		-1	-1	10	对敌方单个目标造成80%角色冰攻+50点冰系伤害。并使4
236	寒冰射手冰冻箭	2	1	0	109	2	170		0	0	0	12	4000	0	330	1	1	1	1	0	0	0		100	1		-1	-1	20	对敌方单个目标造成80%角色冰攻+60点冰系伤害。并使4
236	寒冰射手冰冻箭	3	1	0	109	2	170		0	0	0	14	4000	0	330	1	1	1	1	0	0	0		100	1		-1	-1	30	对敌方单个目标造成80%角色冰攻+70点冰系伤害。并使4
236	寒冰射手冰冻箭	4	1	0	109	2	170		0	0	0	16	4000	0	330	1	1	1	1	0	0	0		100	1		-1	-1	40	对敌方单个目标造成80%角色冰攻+80点冰系伤害。并使4
236	寒冰射手冰冻箭	5	1	0	109	2	170		0	0	0	18	4000	0	330	1	1	1	1	0	0	0		100	1		-1	-1	50	对敌方单个目标造成80%角色冰攻+90点冰系伤害。并使4
236	寒冰射手冰冻箭	6	1	0	109	2	170		0	0	0	20	4000	0	330	1	1	1	1	0	0	0		100	1		-1	-1	60	对敌方单个目标造成80%角色冰攻+100点冰系伤害。并使4
236	寒冰射手冰冻箭	7	1	0	109	2	170		0	0	0	22	4000	0	330	1	1	1	1	0	0	0		100	1		-1	-1	70	对敌方单个目标造成80%角色冰攻+110点冰系伤害。并使4
236	寒冰射手冰冻箭	8	1	0	109	2	170		0	0	0	24	4000	0	330	1	1	1	1	0	0	0		100	1		-1	-1	80	对敌方单个目标造成80%角色冰攻+120点冰系伤害。并使4
236	寒冰射手冰冻箭	9	1	0	109	2	170		0	0	0	26	4000	0	330	1	1	1	1	0	0	0		100	1		-1	-1	90	对敌方单个目标造成80%角色冰攻+130点冰系伤害。并使4
236	寒冰射手冰冻箭	10	1	0	109	2	170		0	0	0	28	4000	0	330	1	1	1	1	0	0	0		100	1		-1	-1	100	对敌方单个目标造成80%角色冰攻+140点冰系伤害。并使4
236	寒冰射手冰冻箭	11	1	0	109	2	170		0	0	0	30	4000	0	330	1	1	1	1	0	0	0		100	1		-1	-1	110	对敌方单个目标造成80%角色冰攻+150点冰系伤害。并使4
236	寒冰射手冰冻箭	12	1	0	109	2	170		0	0	0	32	4000	0	330	1	1	1	1	0	0	0		100	1		-1	-1	120	对敌方单个目标造成80%角色冰攻+160点冰系伤害。并使4
236	寒冰射手冰冻箭	13	1	0	109	2	170		0	0	0	34	4000	0	330	1	1	1	1	0	0	0		100	1		-1	-1	130	对敌方单个目标造成80%角色冰攻+170点冰系伤害。并使4
236	寒冰射手冰冻箭	14	1	0	109	2	170		0	0	0	36	4000	0	330	1	1	1	1	0	0	0		100	1		-1	-1	140	对敌方单个目标造成80%角色冰攻+180点冰系伤害。并使4
236	寒冰射手冰冻箭	15	1	0	109	2	170		0	0	0	38	4000	0	330	1	1	1	1	0	0	0		100	1		-1	-1	150	对敌方单个目标造成80%角色冰攻+190点冰系伤害。并使4
236	寒冰射手冰冻箭	16	1	0	109	2	170		0	0	0	40	4000	0	330	1	1	1	1	0	0	0		100	1		-1	-1	160	对敌方单个目标造成80%角色冰攻+200点冰系伤害。并使4
236	寒冰射手冰冻箭	17	1	0	109	2	170		0	0	0	42	4000	0	330	1	1	1	1	0	0	0		100	1		-1	-1	170	对敌方单个目标造成80%角色冰攻+210点冰系伤害。并使4
236	寒冰射手冰冻箭	18	1	0	109	2	170		0	0	0	44	4000	0	330	1	1	1	1	0	0	0		100	1		-1	-1	180	对敌方单个目标造成80%角色冰攻+220点冰系伤害。并使4
236	寒冰射手冰冻箭	19	1	0	109	2	170		0	0	0	46	4000	0	330	1	1	1	1	0	0	0		100	1		-1	-1	190	对敌方单个目标造成80%角色冰攻+230点冰系伤害。并使4
236	寒冰射手冰冻箭	20	1	0	109	2	170		0	0	0	48	4000	0	330	1	1	1	1	0	0	0		100	1		-1	-1	200	对敌方单个目标造成80%角色冰攻+240点冰系伤害。并使4
237	寒冰射手急速射击	1	1	0	109	2	170		0	0	0	10	6000	0	330	1	1	1	1	0	0	0		100	1		-1	-1	10	对敌方单个目标造成100%角色物攻+50点物理伤害。并使0
237	寒冰射手急速射击	2	1	0	109	2	170		0	0	0	12	6000	0	330	1	1	1	1	0	0	0		100	1		-1	-1	20	对敌方单个目标造成100%角色物攻+60点物理伤害。并使0
237	寒冰射手急速射击	3	1	0	109	2	170		0	0	0	14	6000	0	330	1	1	1	1	0	0	0		100	1		-1	-1	30	对敌方单个目标造成100%角色物攻+70点物理伤害。并使0
237	寒冰射手急速射击	4	1	0	109	2	170		0	0	0	16	6000	0	330	1	1	1	1	0	0	0		100	1		-1	-1	40	对敌方单个目标造成100%角色物攻+80点物理伤害。并使0
237	寒冰射手急速射击	5	1	0	109	2	170		0	0	0	18	6000	0	330	1	1	1	1	0	0	0		100	1		-1	-1	50	对敌方单个目标造成100%角色物攻+90点物理伤害。并使0
237	寒冰射手急速射击	6	1	0	109	2	170		0	0	0	20	6000	0	330	1	1	1	1	0	0	0		100	1		-1	-1	60	对敌方单个目标造成100%角色物攻+100点物理伤害。并使0
237	寒冰射手急速射击	7	1	0	109	2	170		0	0	0	22	6000	0	330	1	1	1	1	0	0	0		100	1		-1	-1	70	对敌方单个目标造成100%角色物攻+110点物理伤害。并使0
237	寒冰射手急速射击	8	1	0	109	2	170		0	0	0	24	6000	0	330	1	1	1	1	0	0	0		100	1		-1	-1	80	对敌方单个目标造成100%角色物攻+120点物理伤害。并使0
237	寒冰射手急速射击	9	1	0	109	2	170		0	0	0	26	6000	0	330	1	1	1	1	0	0	0		100	1		-1	-1	90	对敌方单个目标造成100%角色物攻+130点物理伤害。并使0
237	寒冰射手急速射击	10	1	0	109	2	170		0	0	0	28	6000	0	330	1	1	1	1	0	0	0		100	1		-1	-1	100	对敌方单个目标造成100%角色物攻+140点物理伤害。并使0
237	寒冰射手急速射击	11	1	0	109	2	170		0	0	0	30	6000	0	330	1	1	1	1	0	0	0		100	1		-1	-1	110	对敌方单个目标造成100%角色物攻+150点物理伤害。并使0
237	寒冰射手急速射击	12	1	0	109	2	170		0	0	0	32	6000	0	330	1	1	1	1	0	0	0		100	1		-1	-1	120	对敌方单个目标造成100%角色物攻+160点物理伤害。并使0
237	寒冰射手急速射击	13	1	0	109	2	170		0	0	0	34	6000	0	330	1	1	1	1	0	0	0		100	1		-1	-1	130	对敌方单个目标造成100%角色物攻+170点物理伤害。并使0
237	寒冰射手急速射击	14	1	0	109	2	170		0	0	0	36	6000	0	330	1	1	1	1	0	0	0		100	1		-1	-1	140	对敌方单个目标造成100%角色物攻+180点物理伤害。并使0
237	寒冰射手急速射击	15	1	0	109	2	170		0	0	0	38	6000	0	330	1	1	1	1	0	0	0		100	1		-1	-1	150	对敌方单个目标造成100%角色物攻+190点物理伤害。并使0
237	寒冰射手急速射击	16	1	0	109	2	170		0	0	0	40	6000	0	330	1	1	1	1	0	0	0		100	1		-1	-1	160	对敌方单个目标造成100%角色物攻+200点物理伤害。并使0
237	寒冰射手急速射击	17	1	0	109	2	170		0	0	0	42	6000	0	330	1	1	1	1	0	0	0		100	1		-1	-1	170	对敌方单个目标造成100%角色物攻+210点物理伤害。并使0
237	寒冰射手急速射击	18	1	0	109	2	170		0	0	0	44	6000	0	330	1	1	1	1	0	0	0		100	1		-1	-1	180	对敌方单个目标造成100%角色物攻+220点物理伤害。并使0
237	寒冰射手急速射击	19	1	0	109	2	170		0	0	0	46	6000	0	330	1	1	1	1	0	0	0		100	1		-1	-1	190	对敌方单个目标造成100%角色物攻+230点物理伤害。并使0
237	寒冰射手急速射击	20	1	0	109	2	170		0	0	0	48	6000	0	330	1	1	1	1	0	0	0		100	1		-1	-1	200	对敌方单个目标造成100%角色物攻+240点物理伤害。并使0
238	寒冰射手散射	1	1	0	109	2	170		0	0	0	10	8000	0	330	1	1	1	1	0	0	0		100	1		-1	-1	10	对敌方群体目标造成130%角色物攻+50点物理伤害。
238	寒冰射手散射	2	1	0	109	2	170		0	0	0	12	8000	0	330	1	1	1	1	0	0	0		100	1		-1	-1	20	对敌方群体目标造成130%角色物攻+60点物理伤害。
238	寒冰射手散射	3	1	0	109	2	170		0	0	0	14	8000	0	330	1	1	1	1	0	0	0		100	1		-1	-1	30	对敌方群体目标造成130%角色物攻+70点物理伤害。
238	寒冰射手散射	4	1	0	109	2	170		0	0	0	16	8000	0	330	1	1	1	1	0	0	0		100	1		-1	-1	40	对敌方群体目标造成130%角色物攻+80点物理伤害。
238	寒冰射手散射	5	1	0	109	2	170		0	0	0	18	8000	0	330	1	1	1	1	0	0	0		100	1		-1	-1	50	对敌方群体目标造成130%角色物攻+90点物理伤害。
238	寒冰射手散射	6	1	0	109	2	170		0	0	0	20	8000	0	330	1	1	1	1	0	0	0		100	1		-1	-1	60	对敌方群体目标造成130%角色物攻+100点物理伤害。
238	寒冰射手散射	7	1	0	109	2	170		0	0	0	22	8000	0	330	1	1	1	1	0	0	0		100	1		-1	-1	70	对敌方群体目标造成130%角色物攻+110点物理伤害。
238	寒冰射手散射	8	1	0	109	2	170		0	0	0	24	8000	0	330	1	1	1	1	0	0	0		100	1		-1	-1	80	对敌方群体目标造成130%角色物攻+120点物理伤害。
238	寒冰射手散射	9	1	0	109	2	170		0	0	0	26	8000	0	330	1	1	1	1	0	0	0		100	1		-1	-1	90	对敌方群体目标造成130%角色物攻+130点物理伤害。
238	寒冰射手散射	10	1	0	109	2	170		0	0	0	28	8000	0	330	1	1	1	1	0	0	0		100	1		-1	-1	100	对敌方群体目标造成130%角色物攻+140点物理伤害。
238	寒冰射手散射	11	1	0	109	2	170		0	0	0	30	8000	0	330	1	1	1	1	0	0	0		100	1		-1	-1	110	对敌方群体目标造成130%角色物攻+150点物理伤害。
238	寒冰射手散射	12	1	0	109	2	170		0	0	0	32	8000	0	330	1	1	1	1	0	0	0		100	1		-1	-1	120	对敌方群体目标造成130%角色物攻+160点物理伤害。
238	寒冰射手散射	13	1	0	109	2	170		0	0	0	34	8000	0	330	1	1	1	1	0	0	0		100	1		-1	-1	130	对敌方群体目标造成130%角色物攻+170点物理伤害。
238	寒冰射手散射	14	1	0	109	2	170		0	0	0	36	8000	0	330	1	1	1	1	0	0	0		100	1		-1	-1	140	对敌方群体目标造成130%角色物攻+180点物理伤害。
238	寒冰射手散射	15	1	0	109	2	170		0	0	0	38	8000	0	330	1	1	1	1	0	0	0		100	1		-1	-1	150	对敌方群体目标造成130%角色物攻+190点物理伤害。
238	寒冰射手散射	16	1	0	109	2	170		0	0	0	40	8000	0	330	1	1	1	1	0	0	0		100	1		-1	-1	160	对敌方群体目标造成130%角色物攻+200点物理伤害。
238	寒冰射手散射	17	1	0	109	2	170		0	0	0	42	8000	0	330	1	1	1	1	0	0	0		100	1		-1	-1	170	对敌方群体目标造成130%角色物攻+210点物理伤害。
238	寒冰射手散射	18	1	0	109	2	170		0	0	0	44	8000	0	330	1	1	1	1	0	0	0		100	1		-1	-1	180	对敌方群体目标造成130%角色物攻+220点物理伤害。
238	寒冰射手散射	19	1	0	109	2	170		0	0	0	46	8000	0	330	1	1	1	1	0	0	0		100	1		-1	-1	190	对敌方群体目标造成130%角色物攻+230点物理伤害。
238	寒冰射手散射	20	1	0	109	2	170		0	0	0	48	8000	0	330	1	1	1	1	0	0	0		100	1		-1	-1	200	对敌方群体目标造成130%角色物攻+240点物理伤害。
241	凯尔塞斯放逐	1	1	0	109	2	170		0	0	0	10	4000	0	330	1	1	1	1	0	0	0		100	1		-1	-1	10	对敌方单个目标造成80%角色火攻+50点火系伤害。并使7
241	凯尔塞斯放逐	2	1	0	109	2	170		0	0	0	12	4000	0	330	1	1	1	1	0	0	0		100	1		-1	-1	20	对敌方单个目标造成80%角色火攻+60点火系伤害。并使7
241	凯尔塞斯放逐	3	1	0	109	2	170		0	0	0	14	4000	0	330	1	1	1	1	0	0	0		100	1		-1	-1	30	对敌方单个目标造成80%角色火攻+70点火系伤害。并使7
241	凯尔塞斯放逐	4	1	0	109	2	170		0	0	0	16	4000	0	330	1	1	1	1	0	0	0		100	1		-1	-1	40	对敌方单个目标造成80%角色火攻+80点火系伤害。并使7
241	凯尔塞斯放逐	5	1	0	109	2	170		0	0	0	18	4000	0	330	1	1	1	1	0	0	0		100	1		-1	-1	50	对敌方单个目标造成80%角色火攻+90点火系伤害。并使7
241	凯尔塞斯放逐	6	1	0	109	2	170		0	0	0	20	4000	0	330	1	1	1	1	0	0	0		100	1		-1	-1	60	对敌方单个目标造成80%角色火攻+100点火系伤害。并使7
241	凯尔塞斯放逐	7	1	0	109	2	170		0	0	0	22	4000	0	330	1	1	1	1	0	0	0		100	1		-1	-1	70	对敌方单个目标造成80%角色火攻+110点火系伤害。并使7
241	凯尔塞斯放逐	8	1	0	109	2	170		0	0	0	24	4000	0	330	1	1	1	1	0	0	0		100	1		-1	-1	80	对敌方单个目标造成80%角色火攻+120点火系伤害。并使7
241	凯尔塞斯放逐	9	1	0	109	2	170		0	0	0	26	4000	0	330	1	1	1	1	0	0	0		100	1		-1	-1	90	对敌方单个目标造成80%角色火攻+130点火系伤害。并使7
241	凯尔塞斯放逐	10	1	0	109	2	170		0	0	0	28	4000	0	330	1	1	1	1	0	0	0		100	1		-1	-1	100	对敌方单个目标造成80%角色火攻+140点火系伤害。并使7
241	凯尔塞斯放逐	11	1	0	109	2	170		0	0	0	30	4000	0	330	1	1	1	1	0	0	0		100	1		-1	-1	110	对敌方单个目标造成80%角色火攻+150点火系伤害。并使7
241	凯尔塞斯放逐	12	1	0	109	2	170		0	0	0	32	4000	0	330	1	1	1	1	0	0	0		100	1		-1	-1	120	对敌方单个目标造成80%角色火攻+160点火系伤害。并使7
241	凯尔塞斯放逐	13	1	0	109	2	170		0	0	0	34	4000	0	330	1	1	1	1	0	0	0		100	1		-1	-1	130	对敌方单个目标造成80%角色火攻+170点火系伤害。并使7
241	凯尔塞斯放逐	14	1	0	109	2	170		0	0	0	36	4000	0	330	1	1	1	1	0	0	0		100	1		-1	-1	140	对敌方单个目标造成80%角色火攻+180点火系伤害。并使7
241	凯尔塞斯放逐	15	1	0	109	2	170		0	0	0	38	4000	0	330	1	1	1	1	0	0	0		100	1		-1	-1	150	对敌方单个目标造成80%角色火攻+190点火系伤害。并使7
241	凯尔塞斯放逐	16	1	0	109	2	170		0	0	0	40	4000	0	330	1	1	1	1	0	0	0		100	1		-1	-1	160	对敌方单个目标造成80%角色火攻+200点火系伤害。并使7
241	凯尔塞斯放逐	17	1	0	109	2	170		0	0	0	42	4000	0	330	1	1	1	1	0	0	0		100	1		-1	-1	170	对敌方单个目标造成80%角色火攻+210点火系伤害。并使7
241	凯尔塞斯放逐	18	1	0	109	2	170		0	0	0	44	4000	0	330	1	1	1	1	0	0	0		100	1		-1	-1	180	对敌方单个目标造成80%角色火攻+220点火系伤害。并使7
241	凯尔塞斯放逐	19	1	0	109	2	170		0	0	0	46	4000	0	330	1	1	1	1	0	0	0		100	1		-1	-1	190	对敌方单个目标造成80%角色火攻+230点火系伤害。并使7
241	凯尔塞斯放逐	20	1	0	109	2	170		0	0	0	48	4000	0	330	1	1	1	1	0	0	0		100	1		-1	-1	200	对敌方单个目标造成80%角色火攻+240点火系伤害。并使7
242	凯尔塞斯火凤凰	1	1	0	109	2	170		0	0	0	10	6000	0	330	1	1	1	1	0	0	0		100	1		-1	-1	10	对敌方单个目标造成100%角色火攻+50点火系伤害。
242	凯尔塞斯火凤凰	2	1	0	109	2	170		0	0	0	12	6000	0	330	1	1	1	1	0	0	0		100	1		-1	-1	20	对敌方单个目标造成100%角色火攻+60点火系伤害。
242	凯尔塞斯火凤凰	3	1	0	109	2	170		0	0	0	14	6000	0	330	1	1	1	1	0	0	0		100	1		-1	-1	30	对敌方单个目标造成100%角色火攻+70点火系伤害。
242	凯尔塞斯火凤凰	4	1	0	109	2	170		0	0	0	16	6000	0	330	1	1	1	1	0	0	0		100	1		-1	-1	40	对敌方单个目标造成100%角色火攻+80点火系伤害。
242	凯尔塞斯火凤凰	5	1	0	109	2	170		0	0	0	18	6000	0	330	1	1	1	1	0	0	0		100	1		-1	-1	50	对敌方单个目标造成100%角色火攻+90点火系伤害。
242	凯尔塞斯火凤凰	6	1	0	109	2	170		0	0	0	20	6000	0	330	1	1	1	1	0	0	0		100	1		-1	-1	60	对敌方单个目标造成100%角色火攻+100点火系伤害。
242	凯尔塞斯火凤凰	7	1	0	109	2	170		0	0	0	22	6000	0	330	1	1	1	1	0	0	0		100	1		-1	-1	70	对敌方单个目标造成100%角色火攻+110点火系伤害。
242	凯尔塞斯火凤凰	8	1	0	109	2	170		0	0	0	24	6000	0	330	1	1	1	1	0	0	0		100	1		-1	-1	80	对敌方单个目标造成100%角色火攻+120点火系伤害。
242	凯尔塞斯火凤凰	9	1	0	109	2	170		0	0	0	26	6000	0	330	1	1	1	1	0	0	0		100	1		-1	-1	90	对敌方单个目标造成100%角色火攻+130点火系伤害。
242	凯尔塞斯火凤凰	10	1	0	109	2	170		0	0	0	28	6000	0	330	1	1	1	1	0	0	0		100	1		-1	-1	100	对敌方单个目标造成100%角色火攻+140点火系伤害。
242	凯尔塞斯火凤凰	11	1	0	109	2	170		0	0	0	30	6000	0	330	1	1	1	1	0	0	0		100	1		-1	-1	110	对敌方单个目标造成100%角色火攻+150点火系伤害。
242	凯尔塞斯火凤凰	12	1	0	109	2	170		0	0	0	32	6000	0	330	1	1	1	1	0	0	0		100	1		-1	-1	120	对敌方单个目标造成100%角色火攻+160点火系伤害。
242	凯尔塞斯火凤凰	13	1	0	109	2	170		0	0	0	34	6000	0	330	1	1	1	1	0	0	0		100	1		-1	-1	130	对敌方单个目标造成100%角色火攻+170点火系伤害。
242	凯尔塞斯火凤凰	14	1	0	109	2	170		0	0	0	36	6000	0	330	1	1	1	1	0	0	0		100	1		-1	-1	140	对敌方单个目标造成100%角色火攻+180点火系伤害。
242	凯尔塞斯火凤凰	15	1	0	109	2	170		0	0	0	38	6000	0	330	1	1	1	1	0	0	0		100	1		-1	-1	150	对敌方单个目标造成100%角色火攻+190点火系伤害。
242	凯尔塞斯火凤凰	16	1	0	109	2	170		0	0	0	40	6000	0	330	1	1	1	1	0	0	0		100	1		-1	-1	160	对敌方单个目标造成100%角色火攻+200点火系伤害。
242	凯尔塞斯火凤凰	17	1	0	109	2	170		0	0	0	42	6000	0	330	1	1	1	1	0	0	0		100	1		-1	-1	170	对敌方单个目标造成100%角色火攻+210点火系伤害。
242	凯尔塞斯火凤凰	18	1	0	109	2	170		0	0	0	44	6000	0	330	1	1	1	1	0	0	0		100	1		-1	-1	180	对敌方单个目标造成100%角色火攻+220点火系伤害。
242	凯尔塞斯火凤凰	19	1	0	109	2	170		0	0	0	46	6000	0	330	1	1	1	1	0	0	0		100	1		-1	-1	190	对敌方单个目标造成100%角色火攻+230点火系伤害。
242	凯尔塞斯火凤凰	20	1	0	109	2	170		0	0	0	48	6000	0	330	1	1	1	1	0	0	0		100	1		-1	-1	200	对敌方单个目标造成100%角色火攻+240点火系伤害。
243	凯尔塞斯烈焰风暴	1	1	0	109	2	170		0	0	0	10	8000	0	330	1	1	1	1	0	0	0		100	1		-1	-1	10	对敌方群体目标造成130%角色火攻+50点火系伤害。
243	凯尔塞斯烈焰风暴	2	1	0	109	2	170		0	0	0	12	8000	0	330	1	1	1	1	0	0	0		100	1		-1	-1	20	对敌方群体目标造成130%角色火攻+60点火系伤害。
243	凯尔塞斯烈焰风暴	3	1	0	109	2	170		0	0	0	14	8000	0	330	1	1	1	1	0	0	0		100	1		-1	-1	30	对敌方群体目标造成130%角色火攻+70点火系伤害。
243	凯尔塞斯烈焰风暴	4	1	0	109	2	170		0	0	0	16	8000	0	330	1	1	1	1	0	0	0		100	1		-1	-1	40	对敌方群体目标造成130%角色火攻+80点火系伤害。
243	凯尔塞斯烈焰风暴	5	1	0	109	2	170		0	0	0	18	8000	0	330	1	1	1	1	0	0	0		100	1		-1	-1	50	对敌方群体目标造成130%角色火攻+90点火系伤害。
243	凯尔塞斯烈焰风暴	6	1	0	109	2	170		0	0	0	20	8000	0	330	1	1	1	1	0	0	0		100	1		-1	-1	60	对敌方群体目标造成130%角色火攻+100点火系伤害。
243	凯尔塞斯烈焰风暴	7	1	0	109	2	170		0	0	0	22	8000	0	330	1	1	1	1	0	0	0		100	1		-1	-1	70	对敌方群体目标造成130%角色火攻+110点火系伤害。
243	凯尔塞斯烈焰风暴	8	1	0	109	2	170		0	0	0	24	8000	0	330	1	1	1	1	0	0	0		100	1		-1	-1	80	对敌方群体目标造成130%角色火攻+120点火系伤害。
243	凯尔塞斯烈焰风暴	9	1	0	109	2	170		0	0	0	26	8000	0	330	1	1	1	1	0	0	0		100	1		-1	-1	90	对敌方群体目标造成130%角色火攻+130点火系伤害。
243	凯尔塞斯烈焰风暴	10	1	0	109	2	170		0	0	0	28	8000	0	330	1	1	1	1	0	0	0		100	1		-1	-1	100	对敌方群体目标造成130%角色火攻+140点火系伤害。
243	凯尔塞斯烈焰风暴	11	1	0	109	2	170		0	0	0	30	8000	0	330	1	1	1	1	0	0	0		100	1		-1	-1	110	对敌方群体目标造成130%角色火攻+150点火系伤害。
243	凯尔塞斯烈焰风暴	12	1	0	109	2	170		0	0	0	32	8000	0	330	1	1	1	1	0	0	0		100	1		-1	-1	120	对敌方群体目标造成130%角色火攻+160点火系伤害。
243	凯尔塞斯烈焰风暴	13	1	0	109	2	170		0	0	0	34	8000	0	330	1	1	1	1	0	0	0		100	1		-1	-1	130	对敌方群体目标造成130%角色火攻+170点火系伤害。
243	凯尔塞斯烈焰风暴	14	1	0	109	2	170		0	0	0	36	8000	0	330	1	1	1	1	0	0	0		100	1		-1	-1	140	对敌方群体目标造成130%角色火攻+180点火系伤害。
243	凯尔塞斯烈焰风暴	15	1	0	109	2	170		0	0	0	38	8000	0	330	1	1	1	1	0	0	0		100	1		-1	-1	150	对敌方群体目标造成130%角色火攻+190点火系伤害。
243	凯尔塞斯烈焰风暴	16	1	0	109	2	170		0	0	0	40	8000	0	330	1	1	1	1	0	0	0		100	1		-1	-1	160	对敌方群体目标造成130%角色火攻+200点火系伤害。
243	凯尔塞斯烈焰风暴	17	1	0	109	2	170		0	0	0	42	8000	0	330	1	1	1	1	0	0	0		100	1		-1	-1	170	对敌方群体目标造成130%角色火攻+210点火系伤害。
243	凯尔塞斯烈焰风暴	18	1	0	109	2	170		0	0	0	44	8000	0	330	1	1	1	1	0	0	0		100	1		-1	-1	180	对敌方群体目标造成130%角色火攻+220点火系伤害。
243	凯尔塞斯烈焰风暴	19	1	0	109	2	170		0	0	0	46	8000	0	330	1	1	1	1	0	0	0		100	1		-1	-1	190	对敌方群体目标造成130%角色火攻+230点火系伤害。
243	凯尔塞斯烈焰风暴	20	1	0	109	2	170		0	0	0	48	8000	0	330	1	1	1	1	0	0	0		100	1		-1	-1	200	对敌方群体目标造成130%角色火攻+240点火系伤害。
246	三季稻炎爆术	1	1	0	109	2	170		0	0	0	10	4000	0	330	1	1	1	1	0	0	0		100	1		-1	-1	10	对敌方单个目标造成80%角色火攻+50点火系伤害。并使18
246	三季稻炎爆术	2	1	0	109	2	170		0	0	0	12	4000	0	330	1	1	1	1	0	0	0		100	1		-1	-1	20	对敌方单个目标造成80%角色火攻+60点火系伤害。并使18
246	三季稻炎爆术	3	1	0	109	2	170		0	0	0	14	4000	0	330	1	1	1	1	0	0	0		100	1		-1	-1	30	对敌方单个目标造成80%角色火攻+70点火系伤害。并使18
246	三季稻炎爆术	4	1	0	109	2	170		0	0	0	16	4000	0	330	1	1	1	1	0	0	0		100	1		-1	-1	40	对敌方单个目标造成80%角色火攻+80点火系伤害。并使18
246	三季稻炎爆术	5	1	0	109	2	170		0	0	0	18	4000	0	330	1	1	1	1	0	0	0		100	1		-1	-1	50	对敌方单个目标造成80%角色火攻+90点火系伤害。并使18
246	三季稻炎爆术	6	1	0	109	2	170		0	0	0	20	4000	0	330	1	1	1	1	0	0	0		100	1		-1	-1	60	对敌方单个目标造成80%角色火攻+100点火系伤害。并使18
246	三季稻炎爆术	7	1	0	109	2	170		0	0	0	22	4000	0	330	1	1	1	1	0	0	0		100	1		-1	-1	70	对敌方单个目标造成80%角色火攻+110点火系伤害。并使18
246	三季稻炎爆术	8	1	0	109	2	170		0	0	0	24	4000	0	330	1	1	1	1	0	0	0		100	1		-1	-1	80	对敌方单个目标造成80%角色火攻+120点火系伤害。并使18
246	三季稻炎爆术	9	1	0	109	2	170		0	0	0	26	4000	0	330	1	1	1	1	0	0	0		100	1		-1	-1	90	对敌方单个目标造成80%角色火攻+130点火系伤害。并使18
246	三季稻炎爆术	10	1	0	109	2	170		0	0	0	28	4000	0	330	1	1	1	1	0	0	0		100	1		-1	-1	100	对敌方单个目标造成80%角色火攻+140点火系伤害。并使18
246	三季稻炎爆术	11	1	0	109	2	170		0	0	0	30	4000	0	330	1	1	1	1	0	0	0		100	1		-1	-1	110	对敌方单个目标造成80%角色火攻+150点火系伤害。并使18
246	三季稻炎爆术	12	1	0	109	2	170		0	0	0	32	4000	0	330	1	1	1	1	0	0	0		100	1		-1	-1	120	对敌方单个目标造成80%角色火攻+160点火系伤害。并使18
246	三季稻炎爆术	13	1	0	109	2	170		0	0	0	34	4000	0	330	1	1	1	1	0	0	0		100	1		-1	-1	130	对敌方单个目标造成80%角色火攻+170点火系伤害。并使18
246	三季稻炎爆术	14	1	0	109	2	170		0	0	0	36	4000	0	330	1	1	1	1	0	0	0		100	1		-1	-1	140	对敌方单个目标造成80%角色火攻+180点火系伤害。并使18
246	三季稻炎爆术	15	1	0	109	2	170		0	0	0	38	4000	0	330	1	1	1	1	0	0	0		100	1		-1	-1	150	对敌方单个目标造成80%角色火攻+190点火系伤害。并使18
246	三季稻炎爆术	16	1	0	109	2	170		0	0	0	40	4000	0	330	1	1	1	1	0	0	0		100	1		-1	-1	160	对敌方单个目标造成80%角色火攻+200点火系伤害。并使18
246	三季稻炎爆术	17	1	0	109	2	170		0	0	0	42	4000	0	330	1	1	1	1	0	0	0		100	1		-1	-1	170	对敌方单个目标造成80%角色火攻+210点火系伤害。并使18
246	三季稻炎爆术	18	1	0	109	2	170		0	0	0	44	4000	0	330	1	1	1	1	0	0	0		100	1		-1	-1	180	对敌方单个目标造成80%角色火攻+220点火系伤害。并使18
246	三季稻炎爆术	19	1	0	109	2	170		0	0	0	46	4000	0	330	1	1	1	1	0	0	0		100	1		-1	-1	190	对敌方单个目标造成80%角色火攻+230点火系伤害。并使18
246	三季稻炎爆术	20	1	0	109	2	170		0	0	0	48	4000	0	330	1	1	1	1	0	0	0		100	1		-1	-1	200	对敌方单个目标造成80%角色火攻+240点火系伤害。并使18
247	三季稻活体炸弹	1	1	0	109	2	170		0	0	0	10	6000	0	330	1	1	1	1	0	0	0		100	1		-1	-1	10	对敌方群体目标造成100%角色火攻+50点火系伤害。
247	三季稻活体炸弹	2	1	0	109	2	170		0	0	0	12	6000	0	330	1	1	1	1	0	0	0		100	1		-1	-1	20	对敌方群体目标造成100%角色火攻+60点火系伤害。
247	三季稻活体炸弹	3	1	0	109	2	170		0	0	0	14	6000	0	330	1	1	1	1	0	0	0		100	1		-1	-1	30	对敌方群体目标造成100%角色火攻+70点火系伤害。
247	三季稻活体炸弹	4	1	0	109	2	170		0	0	0	16	6000	0	330	1	1	1	1	0	0	0		100	1		-1	-1	40	对敌方群体目标造成100%角色火攻+80点火系伤害。
247	三季稻活体炸弹	5	1	0	109	2	170		0	0	0	18	6000	0	330	1	1	1	1	0	0	0		100	1		-1	-1	50	对敌方群体目标造成100%角色火攻+90点火系伤害。
247	三季稻活体炸弹	6	1	0	109	2	170		0	0	0	20	6000	0	330	1	1	1	1	0	0	0		100	1		-1	-1	60	对敌方群体目标造成100%角色火攻+100点火系伤害。
247	三季稻活体炸弹	7	1	0	109	2	170		0	0	0	22	6000	0	330	1	1	1	1	0	0	0		100	1		-1	-1	70	对敌方群体目标造成100%角色火攻+110点火系伤害。
247	三季稻活体炸弹	8	1	0	109	2	170		0	0	0	24	6000	0	330	1	1	1	1	0	0	0		100	1		-1	-1	80	对敌方群体目标造成100%角色火攻+120点火系伤害。
247	三季稻活体炸弹	9	1	0	109	2	170		0	0	0	26	6000	0	330	1	1	1	1	0	0	0		100	1		-1	-1	90	对敌方群体目标造成100%角色火攻+130点火系伤害。
247	三季稻活体炸弹	10	1	0	109	2	170		0	0	0	28	6000	0	330	1	1	1	1	0	0	0		100	1		-1	-1	100	对敌方群体目标造成100%角色火攻+140点火系伤害。
247	三季稻活体炸弹	11	1	0	109	2	170		0	0	0	30	6000	0	330	1	1	1	1	0	0	0		100	1		-1	-1	110	对敌方群体目标造成100%角色火攻+150点火系伤害。
247	三季稻活体炸弹	12	1	0	109	2	170		0	0	0	32	6000	0	330	1	1	1	1	0	0	0		100	1		-1	-1	120	对敌方群体目标造成100%角色火攻+160点火系伤害。
247	三季稻活体炸弹	13	1	0	109	2	170		0	0	0	34	6000	0	330	1	1	1	1	0	0	0		100	1		-1	-1	130	对敌方群体目标造成100%角色火攻+170点火系伤害。
247	三季稻活体炸弹	14	1	0	109	2	170		0	0	0	36	6000	0	330	1	1	1	1	0	0	0		100	1		-1	-1	140	对敌方群体目标造成100%角色火攻+180点火系伤害。
247	三季稻活体炸弹	15	1	0	109	2	170		0	0	0	38	6000	0	330	1	1	1	1	0	0	0		100	1		-1	-1	150	对敌方群体目标造成100%角色火攻+190点火系伤害。
247	三季稻活体炸弹	16	1	0	109	2	170		0	0	0	40	6000	0	330	1	1	1	1	0	0	0		100	1		-1	-1	160	对敌方群体目标造成100%角色火攻+200点火系伤害。
247	三季稻活体炸弹	17	1	0	109	2	170		0	0	0	42	6000	0	330	1	1	1	1	0	0	0		100	1		-1	-1	170	对敌方群体目标造成100%角色火攻+210点火系伤害。
247	三季稻活体炸弹	18	1	0	109	2	170		0	0	0	44	6000	0	330	1	1	1	1	0	0	0		100	1		-1	-1	180	对敌方群体目标造成100%角色火攻+220点火系伤害。
247	三季稻活体炸弹	19	1	0	109	2	170		0	0	0	46	6000	0	330	1	1	1	1	0	0	0		100	1		-1	-1	190	对敌方群体目标造成100%角色火攻+230点火系伤害。
247	三季稻活体炸弹	20	1	0	109	2	170		0	0	0	48	6000	0	330	1	1	1	1	0	0	0		100	1		-1	-1	200	对敌方群体目标造成100%角色火攻+240点火系伤害。
248	三季稻暴风雪	1	1	0	109	2	170		0	0	0	10	8000	0	330	1	1	1	1	0	0	0		100	1		-1	-1	10	对敌方群体目标造成130%角色冰攻+50点冰系伤害。并使4
248	三季稻暴风雪	2	1	0	109	2	170		0	0	0	12	8000	0	330	1	1	1	1	0	0	0		100	1		-1	-1	20	对敌方群体目标造成130%角色冰攻+60点冰系伤害。并使4
248	三季稻暴风雪	3	1	0	109	2	170		0	0	0	14	8000	0	330	1	1	1	1	0	0	0		100	1		-1	-1	30	对敌方群体目标造成130%角色冰攻+70点冰系伤害。并使4
248	三季稻暴风雪	4	1	0	109	2	170		0	0	0	16	8000	0	330	1	1	1	1	0	0	0		100	1		-1	-1	40	对敌方群体目标造成130%角色冰攻+80点冰系伤害。并使4
248	三季稻暴风雪	5	1	0	109	2	170		0	0	0	18	8000	0	330	1	1	1	1	0	0	0		100	1		-1	-1	50	对敌方群体目标造成130%角色冰攻+90点冰系伤害。并使4
248	三季稻暴风雪	6	1	0	109	2	170		0	0	0	20	8000	0	330	1	1	1	1	0	0	0		100	1		-1	-1	60	对敌方群体目标造成130%角色冰攻+100点冰系伤害。并使4
248	三季稻暴风雪	7	1	0	109	2	170		0	0	0	22	8000	0	330	1	1	1	1	0	0	0		100	1		-1	-1	70	对敌方群体目标造成130%角色冰攻+110点冰系伤害。并使4
248	三季稻暴风雪	8	1	0	109	2	170		0	0	0	24	8000	0	330	1	1	1	1	0	0	0		100	1		-1	-1	80	对敌方群体目标造成130%角色冰攻+120点冰系伤害。并使4
248	三季稻暴风雪	9	1	0	109	2	170		0	0	0	26	8000	0	330	1	1	1	1	0	0	0		100	1		-1	-1	90	对敌方群体目标造成130%角色冰攻+130点冰系伤害。并使4
248	三季稻暴风雪	10	1	0	109	2	170		0	0	0	28	8000	0	330	1	1	1	1	0	0	0		100	1		-1	-1	100	对敌方群体目标造成130%角色冰攻+140点冰系伤害。并使4
248	三季稻暴风雪	11	1	0	109	2	170		0	0	0	30	8000	0	330	1	1	1	1	0	0	0		100	1		-1	-1	110	对敌方群体目标造成130%角色冰攻+150点冰系伤害。并使4
248	三季稻暴风雪	12	1	0	109	2	170		0	0	0	32	8000	0	330	1	1	1	1	0	0	0		100	1		-1	-1	120	对敌方群体目标造成130%角色冰攻+160点冰系伤害。并使4
248	三季稻暴风雪	13	1	0	109	2	170		0	0	0	34	8000	0	330	1	1	1	1	0	0	0		100	1		-1	-1	130	对敌方群体目标造成130%角色冰攻+170点冰系伤害。并使4
248	三季稻暴风雪	14	1	0	109	2	170		0	0	0	36	8000	0	330	1	1	1	1	0	0	0		100	1		-1	-1	140	对敌方群体目标造成130%角色冰攻+180点冰系伤害。并使4
248	三季稻暴风雪	15	1	0	109	2	170		0	0	0	38	8000	0	330	1	1	1	1	0	0	0		100	1		-1	-1	150	对敌方群体目标造成130%角色冰攻+190点冰系伤害。并使4
248	三季稻暴风雪	16	1	0	109	2	170		0	0	0	40	8000	0	330	1	1	1	1	0	0	0		100	1		-1	-1	160	对敌方群体目标造成130%角色冰攻+200点冰系伤害。并使4
248	三季稻暴风雪	17	1	0	109	2	170		0	0	0	42	8000	0	330	1	1	1	1	0	0	0		100	1		-1	-1	170	对敌方群体目标造成130%角色冰攻+210点冰系伤害。并使4
248	三季稻暴风雪	18	1	0	109	2	170		0	0	0	44	8000	0	330	1	1	1	1	0	0	0		100	1		-1	-1	180	对敌方群体目标造成130%角色冰攻+220点冰系伤害。并使4
248	三季稻暴风雪	19	1	0	109	2	170		0	0	0	46	8000	0	330	1	1	1	1	0	0	0		100	1		-1	-1	190	对敌方群体目标造成130%角色冰攻+230点冰系伤害。并使4
248	三季稻暴风雪	20	1	0	109	2	170		0	0	0	48	8000	0	330	1	1	1	1	0	0	0		100	1		-1	-1	200	对敌方群体目标造成130%角色冰攻+240点冰系伤害。并使4
																														
2000	Buff旋风	1	0	0	109	2	170		1	0	0	10	8000	0	90	1	1	1	1	0	0	0		100	1		-1	-1	10	对敌方群体目标造成130%角色物攻+50点物理伤害。
2000	Buff旋风	2	0	0	109	2	170		1	0	0	12	8000	0	90	1	1	1	1	0	0	0		100	1		-1	-1	20	对敌方群体目标造成130%角色物攻+60点物理伤害。
2000	Buff旋风	3	0	0	109	2	170		1	0	0	14	8000	0	90	1	1	1	1	0	0	0		100	1		-1	-1	30	对敌方群体目标造成130%角色物攻+70点物理伤害。
2000	Buff旋风	4	0	0	109	2	170		1	0	0	16	8000	0	90	1	1	1	1	0	0	0		100	1		-1	-1	40	对敌方群体目标造成130%角色物攻+80点物理伤害。
2000	Buff旋风	5	0	0	109	2	170		1	0	0	18	8000	0	90	1	1	1	1	0	0	0		100	1		-1	-1	50	对敌方群体目标造成130%角色物攻+90点物理伤害。
2000	Buff旋风	6	0	0	109	2	170		1	0	0	20	8000	0	90	1	1	1	1	0	0	0		100	1		-1	-1	60	对敌方群体目标造成130%角色物攻+100点物理伤害。
2000	Buff旋风	7	0	0	109	2	170		1	0	0	22	8000	0	90	1	1	1	1	0	0	0		100	1		-1	-1	70	对敌方群体目标造成130%角色物攻+110点物理伤害。
2000	Buff旋风	8	0	0	109	2	170		1	0	0	24	8000	0	90	1	1	1	1	0	0	0		100	1		-1	-1	80	对敌方群体目标造成130%角色物攻+120点物理伤害。
2000	Buff旋风	9	0	0	109	2	170		1	0	0	26	8000	0	90	1	1	1	1	0	0	0		100	1		-1	-1	90	对敌方群体目标造成130%角色物攻+130点物理伤害。
2000	Buff旋风	10	0	0	109	2	170		1	0	0	28	8000	0	90	1	1	1	1	0	0	0		100	1		-1	-1	100	对敌方群体目标造成130%角色物攻+140点物理伤害。
2000	Buff旋风	11	0	0	109	2	170		1	0	0	30	8000	0	90	1	1	1	1	0	0	0		100	1		-1	-1	110	对敌方群体目标造成130%角色物攻+150点物理伤害。
2000	Buff旋风	12	0	0	109	2	170		1	0	0	32	8000	0	90	1	1	1	1	0	0	0		100	1		-1	-1	120	对敌方群体目标造成130%角色物攻+160点物理伤害。
2000	Buff旋风	13	0	0	109	2	170		1	0	0	34	8000	0	90	1	1	1	1	0	0	0		100	1		-1	-1	130	对敌方群体目标造成130%角色物攻+170点物理伤害。
2000	Buff旋风	14	0	0	109	2	170		1	0	0	36	8000	0	90	1	1	1	1	0	0	0		100	1		-1	-1	140	对敌方群体目标造成130%角色物攻+180点物理伤害。
2000	Buff旋风	15	0	0	109	2	170		1	0	0	38	8000	0	90	1	1	1	1	0	0	0		100	1		-1	-1	150	对敌方群体目标造成130%角色物攻+190点物理伤害。
2000	Buff旋风	16	0	0	109	2	170		1	0	0	40	8000	0	90	1	1	1	1	0	0	0		100	1		-1	-1	160	对敌方群体目标造成130%角色物攻+200点物理伤害。
2000	Buff旋风	17	0	0	109	2	170		1	0	0	42	8000	0	90	1	1	1	1	0	0	0		100	1		-1	-1	170	对敌方群体目标造成130%角色物攻+210点物理伤害。
2000	Buff旋风	18	0	0	109	2	170		1	0	0	44	8000	0	90	1	1	1	1	0	0	0		100	1		-1	-1	180	对敌方群体目标造成130%角色物攻+220点物理伤害。
2000	Buff旋风	19	0	0	109	2	170		1	0	0	46	8000	0	90	1	1	1	1	0	0	0		100	1		-1	-1	190	对敌方群体目标造成130%角色物攻+230点物理伤害。
2000	Buff旋风	20	0	0	109	2	170		1	0	0	48	8000	0	90	1	1	1	1	0	0	0		100	1		-1	-1	200	对敌方群体目标造成130%角色物攻+240点物理伤害。
31000	女神技能单体攻击	1	2	0	109	2	170		0	0	0	10	4000	0	330	1	1	1	1	0	0	0		100	1		-1	-1	10	对敌方单个目标造成80%角色冰攻+50点冰系伤害。并使4
31000	女神技能单体攻击	2	2	0	109	2	170		0	0	0	12	4000	0	330	1	1	1	1	0	0	0		100	1		-1	-1	20	对敌方单个目标造成80%角色冰攻+60点冰系伤害。并使4
31000	女神技能单体攻击	3	2	0	109	2	170		0	0	0	14	4000	0	330	1	1	1	1	0	0	0		100	1		-1	-1	30	对敌方单个目标造成80%角色冰攻+70点冰系伤害。并使4
31000	女神技能单体攻击	4	2	0	109	2	170		0	0	0	16	4000	0	330	1	1	1	1	0	0	0		100	1		-1	-1	40	对敌方单个目标造成80%角色冰攻+80点冰系伤害。并使4
31000	女神技能单体攻击	5	2	0	109	2	170		0	0	0	18	4000	0	330	1	1	1	1	0	0	0		100	1		-1	-1	50	对敌方单个目标造成80%角色冰攻+90点冰系伤害。并使4
31000	女神技能单体攻击	6	2	0	109	2	170		0	0	0	20	4000	0	330	1	1	1	1	0	0	0		100	1		-1	-1	60	对敌方单个目标造成80%角色冰攻+100点冰系伤害。并使4
31000	女神技能单体攻击	7	2	0	109	2	170		0	0	0	22	4000	0	330	1	1	1	1	0	0	0		100	1		-1	-1	70	对敌方单个目标造成80%角色冰攻+110点冰系伤害。并使4
31000	女神技能单体攻击	8	2	0	109	2	170		0	0	0	24	4000	0	330	1	1	1	1	0	0	0		100	1		-1	-1	80	对敌方单个目标造成80%角色冰攻+120点冰系伤害。并使4
31000	女神技能单体攻击	9	2	0	109	2	170		0	0	0	26	4000	0	330	1	1	1	1	0	0	0		100	1		-1	-1	90	对敌方单个目标造成80%角色冰攻+130点冰系伤害。并使4
31000	女神技能单体攻击	10	2	0	109	2	170		0	0	0	28	4000	0	330	1	1	1	1	0	0	0		100	1		-1	-1	100	对敌方单个目标造成80%角色冰攻+140点冰系伤害。并使4
31000	女神技能单体攻击	11	2	0	109	2	170		0	0	0	30	4000	0	330	1	1	1	1	0	0	0		100	1		-1	-1	110	对敌方单个目标造成80%角色冰攻+150点冰系伤害。并使4
31000	女神技能单体攻击	12	2	0	109	2	170		0	0	0	32	4000	0	330	1	1	1	1	0	0	0		100	1		-1	-1	120	对敌方单个目标造成80%角色冰攻+160点冰系伤害。并使4
31000	女神技能单体攻击	13	2	0	109	2	170		0	0	0	34	4000	0	330	1	1	1	1	0	0	0		100	1		-1	-1	130	对敌方单个目标造成80%角色冰攻+170点冰系伤害。并使4
31000	女神技能单体攻击	14	2	0	109	2	170		0	0	0	36	4000	0	330	1	1	1	1	0	0	0		100	1		-1	-1	140	对敌方单个目标造成80%角色冰攻+180点冰系伤害。并使4
31000	女神技能单体攻击	15	2	0	109	2	170		0	0	0	38	4000	0	330	1	1	1	1	0	0	0		100	1		-1	-1	150	对敌方单个目标造成80%角色冰攻+190点冰系伤害。并使4
31000	女神技能单体攻击	16	2	0	109	2	170		0	0	0	40	4000	0	330	1	1	1	1	0	0	0		100	1		-1	-1	160	对敌方单个目标造成80%角色冰攻+200点冰系伤害。并使4
31000	女神技能单体攻击	17	2	0	109	2	170		0	0	0	42	4000	0	330	1	1	1	1	0	0	0		100	1		-1	-1	170	对敌方单个目标造成80%角色冰攻+210点冰系伤害。并使4
31000	女神技能单体攻击	18	2	0	109	2	170		0	0	0	44	4000	0	330	1	1	1	1	0	0	0		100	1		-1	-1	180	对敌方单个目标造成80%角色冰攻+220点冰系伤害。并使4
31000	女神技能单体攻击	19	2	0	109	2	170		0	0	0	46	4000	0	330	1	1	1	1	0	0	0		100	1		-1	-1	190	对敌方单个目标造成80%角色冰攻+230点冰系伤害。并使4
31000	女神技能单体攻击	20	2	0	109	2	170		0	0	0	48	4000	0	330	1	1	1	1	0	0	0		100	1		-1	-1	200	对敌方单个目标造成80%角色冰攻+240点冰系伤害。并使4
31001	女神技能群体ae	1	2	0	109	2	170		0	0	0	10	8000	0	330	1	1	1	1	0	0	0		100	1		-1	-1	10	对敌方群体目标造成130%角色火攻+50点火系伤害。
31001	女神技能群体ae	2	2	0	109	2	170		0	0	0	12	8000	0	330	1	1	1	1	0	0	0		100	1		-1	-1	20	对敌方群体目标造成130%角色火攻+60点火系伤害。
31001	女神技能群体ae	3	2	0	109	2	170		0	0	0	14	8000	0	330	1	1	1	1	0	0	0		100	1		-1	-1	30	对敌方群体目标造成130%角色火攻+70点火系伤害。
31001	女神技能群体ae	4	2	0	109	2	170		0	0	0	16	8000	0	330	1	1	1	1	0	0	0		100	1		-1	-1	40	对敌方群体目标造成130%角色火攻+80点火系伤害。
31001	女神技能群体ae	5	2	0	109	2	170		0	0	0	18	8000	0	330	1	1	1	1	0	0	0		100	1		-1	-1	50	对敌方群体目标造成130%角色火攻+90点火系伤害。
31001	女神技能群体ae	6	2	0	109	2	170		0	0	0	20	8000	0	330	1	1	1	1	0	0	0		100	1		-1	-1	60	对敌方群体目标造成130%角色火攻+100点火系伤害。
31001	女神技能群体ae	7	2	0	109	2	170		0	0	0	22	8000	0	330	1	1	1	1	0	0	0		100	1		-1	-1	70	对敌方群体目标造成130%角色火攻+110点火系伤害。
31001	女神技能群体ae	8	2	0	109	2	170		0	0	0	24	8000	0	330	1	1	1	1	0	0	0		100	1		-1	-1	80	对敌方群体目标造成130%角色火攻+120点火系伤害。
31001	女神技能群体ae	9	2	0	109	2	170		0	0	0	26	8000	0	330	1	1	1	1	0	0	0		100	1		-1	-1	90	对敌方群体目标造成130%角色火攻+130点火系伤害。
31001	女神技能群体ae	10	2	0	109	2	170		0	0	0	28	8000	0	330	1	1	1	1	0	0	0		100	1		-1	-1	100	对敌方群体目标造成130%角色火攻+140点火系伤害。
31001	女神技能群体ae	11	2	0	109	2	170		0	0	0	30	8000	0	330	1	1	1	1	0	0	0		100	1		-1	-1	110	对敌方群体目标造成130%角色火攻+150点火系伤害。
31001	女神技能群体ae	12	2	0	109	2	170		0	0	0	32	8000	0	330	1	1	1	1	0	0	0		100	1		-1	-1	120	对敌方群体目标造成130%角色火攻+160点火系伤害。
31001	女神技能群体ae	13	2	0	109	2	170		0	0	0	34	8000	0	330	1	1	1	1	0	0	0		100	1		-1	-1	130	对敌方群体目标造成130%角色火攻+170点火系伤害。
31001	女神技能群体ae	14	2	0	109	2	170		0	0	0	36	8000	0	330	1	1	1	1	0	0	0		100	1		-1	-1	140	对敌方群体目标造成130%角色火攻+180点火系伤害。
31001	女神技能群体ae	15	2	0	109	2	170		0	0	0	38	8000	0	330	1	1	1	1	0	0	0		100	1		-1	-1	150	对敌方群体目标造成130%角色火攻+190点火系伤害。
31001	女神技能群体ae	16	2	0	109	2	170		0	0	0	40	8000	0	330	1	1	1	1	0	0	0		100	1		-1	-1	160	对敌方群体目标造成130%角色火攻+200点火系伤害。
31001	女神技能群体ae	17	2	0	109	2	170		0	0	0	42	8000	0	330	1	1	1	1	0	0	0		100	1		-1	-1	170	对敌方群体目标造成130%角色火攻+210点火系伤害。
31001	女神技能群体ae	18	2	0	109	2	170		0	0	0	44	8000	0	330	1	1	1	1	0	0	0		100	1		-1	-1	180	对敌方群体目标造成130%角色火攻+220点火系伤害。
31001	女神技能群体ae	19	2	0	109	2	170		0	0	0	46	8000	0	330	1	1	1	1	0	0	0		100	1		-1	-1	190	对敌方群体目标造成130%角色火攻+230点火系伤害。
31001	女神技能群体ae	20	2	0	109	2	170		0	0	0	48	8000	0	330	1	1	1	1	0	0	0		100	1		-1	-1	200	对敌方群体目标造成130%角色火攻+240点火系伤害。